time	sum_h_out_002_001
0.000000000000000e+00	8.859044297601907e-03
9.765624960978488e-15	8.859044297601908e-03
1.953124992195698e-14	8.859044297601910e-03
3.906249984391395e-14	8.859044297601915e-03
7.812499968782791e-14	8.859044297601917e-03
1.562499993756558e-13	8.859044297601914e-03
3.124999987513116e-13	8.859044297601922e-03
6.249999975026233e-13	8.859044297601966e-03
1.249999995005247e-12	8.859044297602163e-03
2.499999990010493e-12	8.859044297603012e-03
4.999999980020986e-12	8.859044297606429e-03
9.999999960041972e-12	8.859044297619568e-03
1.999999992008394e-11	8.859044297667013e-03
3.999999984016789e-11	8.859044297824595e-03
7.999999968033578e-11	8.859044298286304e-03
1.599999993606716e-10	8.859044299392568e-03
3.199999987213431e-10	8.859044301302705e-03
6.399999974426862e-10	8.859044303174683e-03
9.999999999999999e-10	8.859044303455736e-03
1.004109917391950e-09	8.859045020452467e-03
1.012329752175849e-09	8.859049052323814e-03
1.028769421743649e-09	8.859082956639048e-03
1.061648760879248e-09	8.859312263677777e-03
1.115410007204593e-09	8.860198421291435e-03
1.171731279365302e-09	8.861615995481527e-03
1.252160411294094e-09	8.863305878296656e-03
1.359165163628085e-09	8.860213422194533e-03
1.548288000476344e-09	8.800755797078222e-03
1.776761821291760e-09	8.520986801420018e-03
2.000000000000000e-09	7.866975872336847e-03
2.030277157503793e-09	7.736573444027291e-03
2.090831472511380e-09	7.454652083529491e-03
2.211940102526552e-09	6.760616971067432e-03
2.233462857240335e-09	6.616013802766998e-03
2.276508366667901e-09	6.315584102508235e-03
2.287269744024792e-09	6.236277161528253e-03
2.308792498738575e-09	6.074886534229031e-03
2.351838008166141e-09	5.735609164765993e-03
2.353183180335752e-09	5.724643674129043e-03
2.353519473378155e-09	5.721900982018148e-03
2.353603546638756e-09	5.721215226529202e-03
2.353624564953906e-09	5.721043782503209e-03
2.353624647056700e-09	5.721043112799905e-03
2.353684251701475e-09	5.720556893292524e-03
2.353743856346251e-09	5.720070642702681e-03
2.353863065635802e-09	5.719098017197110e-03
2.354101484214903e-09	5.717152268924122e-03
2.354578321373106e-09	5.713258783718519e-03
2.355531995689512e-09	5.705463861783654e-03
2.357439344322325e-09	5.689842236926630e-03
2.361254041587950e-09	5.658472067313861e-03
2.368883436119200e-09	5.595225735506879e-03
2.384142225181700e-09	5.466723493590771e-03
2.414659803306700e-09	5.201809956365290e-03
2.475694959556700e-09	4.641588100055596e-03
2.597765272056700e-09	3.411924376548032e-03
2.841905897056700e-09	6.269481408253425e-04
3.067275859558731e-09	-2.187117226038812e-03
3.104895466648856e-09	-2.670097788685055e-03
3.180134680829108e-09	-3.638072348914907e-03
3.198944484374170e-09	-3.880666915806168e-03
3.236564091464296e-09	-4.365961235491688e-03
3.245968993236827e-09	-4.487308164486972e-03
3.264778796781890e-09	-4.729985941985016e-03
3.302398403872015e-09	-5.215130644557206e-03
3.311803305644547e-09	-5.336336342527668e-03
3.330613109189609e-09	-5.578667750504977e-03
3.368232716279735e-09	-6.062755500699601e-03
3.443471930459986e-09	-7.027772111568346e-03
3.462281734005049e-09	-7.268078351476397e-03
3.499901341095175e-09	-7.747917193400415e-03
3.509306242867706e-09	-7.867579173661364e-03
3.528116046412769e-09	-8.106689844577322e-03
3.565735653502894e-09	-8.583578987740599e-03
3.640974867683146e-09	-9.531563330589451e-03
3.659784671228208e-09	-9.767026605332848e-03
3.697404278318334e-09	-1.023685735208984e-02
3.772643492498585e-09	-1.116972073992540e-02
3.791453296043648e-09	-1.140118538394686e-02
3.796155746929913e-09	-1.145901398460454e-02
3.805560648702445e-09	-1.157459583314095e-02
3.807911874145578e-09	-1.160346299918551e-02
3.812614325031843e-09	-1.166117838921838e-02
3.822019226804375e-09	-1.177649522204080e-02
3.822055964701923e-09	-1.177694537897032e-02
3.822129440497022e-09	-1.177784568817512e-02
3.822276392087217e-09	-1.177964627865851e-02
3.822280984324411e-09	-1.177970254649294e-02
3.822290168798798e-09	-1.177981508208909e-02
3.822292464917395e-09	-1.177984321596086e-02
3.822297057154589e-09	-1.177989948368620e-02
3.822306241628975e-09	-1.178001201902780e-02
3.822306246113582e-09	-1.178001207397666e-02
3.822306711774869e-09	-1.178001777961757e-02
3.822310437065167e-09	-1.178006342466493e-02
3.822314162355466e-09	-1.178010906974577e-02
3.822315093678040e-09	-1.178012048101454e-02
3.822316956323190e-09	-1.178014330354909e-02
3.822320681613488e-09	-1.178018894860025e-02
3.822328132194085e-09	-1.178028023863078e-02
3.822343033355279e-09	-1.178046281840468e-02
3.822372835677666e-09	-1.178082797680380e-02
3.822432440322442e-09	-1.178155828900729e-02
3.822551649611993e-09	-1.178301889503468e-02
3.822790068191094e-09	-1.178594003356598e-02
3.823266905349297e-09	-1.179178201649224e-02
3.824220579665704e-09	-1.180346480544804e-02
3.826127928298516e-09	-1.182682567292552e-02
3.829942625564141e-09	-1.187352854358557e-02
3.830061834853692e-09	-1.187498759050090e-02
3.830300253432794e-09	-1.187790563513037e-02
3.830359858077569e-09	-1.187863512783676e-02
3.830479067367120e-09	-1.188009410094784e-02
3.830508869689508e-09	-1.188045883961240e-02
3.830568474334283e-09	-1.188118831386592e-02
3.830583375495477e-09	-1.188137068127594e-02
3.830613177817864e-09	-1.188173541532705e-02
3.830614109140439e-09	-1.188174681324061e-02
3.830614341971083e-09	-1.188174966271891e-02
3.830614342947646e-09	-1.188174967467049e-02
3.830614808608933e-09	-1.188175537362668e-02
3.830615274270220e-09	-1.188176107258249e-02
3.830615332477881e-09	-1.188176178495185e-02
3.830619057768179e-09	-1.188180737655984e-02
3.830619989090753e-09	-1.188181877446392e-02
3.830621851735903e-09	-1.188184157026908e-02
3.830625577026201e-09	-1.188188716186138e-02
3.830633027606798e-09	-1.188197834497390e-02
3.830647928767992e-09	-1.188216071091061e-02
3.830677731090379e-09	-1.188252544163062e-02
3.830737335735155e-09	-1.188325489845684e-02
3.830856545024706e-09	-1.188471379365356e-02
3.831094963603808e-09	-1.188763151021859e-02
3.831571800762010e-09	-1.189346664799163e-02
3.832525475078417e-09	-1.190513574176604e-02
3.834432823711229e-09	-1.192846919950556e-02
3.838247520976854e-09	-1.197511717422694e-02
3.845876915508104e-09	-1.206833719210501e-02
3.861135704570605e-09	-1.225447220891008e-02
3.891653282695605e-09	-1.262551266086641e-02
3.952688438945604e-09	-1.336261130353374e-02
4.074758751445604e-09	-1.481653032383679e-02
4.318899376445604e-09	-1.764229565409053e-02
4.379934532695604e-09	-1.832822493063468e-02
4.502004845195604e-09	-1.968659653388220e-02
4.532522423320604e-09	-2.002115484105252e-02
4.540151817851854e-09	-2.010469060525493e-02
4.555410606914354e-09	-2.027155475714803e-02
4.585928185039354e-09	-2.060404194199230e-02
4.646963341289354e-09	-2.126408423321468e-02
4.769033653789354e-09	-2.256470876320252e-02
5.013174278789354e-09	-2.509029843337056e-02
5.501455528789354e-09	-2.985557536244784e-02
5.798739334525738e-09	-3.257934999550026e-02
6.000795997185152e-09	-3.435866317698583e-02
6.186693647436314e-09	-3.594632370257771e-02
6.397804787916566e-09	-3.769388471583809e-02
6.551063722436432e-09	-3.892661912186577e-02
6.699575840016140e-09	-4.009315949544035e-02
6.835893647404541e-09	-4.114019989521804e-02
6.989090942718398e-09	-4.229043965982461e-02
7.134034216546039e-09	-4.335350313043289e-02
7.364477492863928e-09	-4.499470180494605e-02
7.592478585025579e-09	-4.656106915840550e-02
7.820439340657182e-09	-4.807207106899389e-02
7.974095210367594e-09	-4.906040179277313e-02
8.097377675592058e-09	-4.983629291305740e-02
8.235548101378427e-09	-5.068822647946850e-02
8.375451105306973e-09	-5.153221891197397e-02
8.498177932373341e-09	-5.225747749539210e-02
8.626805844534027e-09	-5.300276428684579e-02
8.754312410075940e-09	-5.372685232329882e-02
8.852692193908491e-09	-5.427570853217347e-02
8.969458287205312e-09	-5.491624485374544e-02
9.100139612285821e-09	-5.561934001069291e-02
9.288990228119054e-09	-5.661030541043542e-02
9.518505737246674e-09	-5.777583732438666e-02
9.762593619225437e-09	-5.897020242660655e-02
1.009316323117532e-08	-6.051670484578780e-02
1.027818074034780e-08	-6.134779324561683e-02
1.041468420311224e-08	-6.194567380463341e-02
1.051352793890003e-08	-6.237068013688723e-02
1.061272263937336e-08	-6.279062471199440e-02
1.071931758287268e-08	-6.323468103299505e-02
1.083394987595670e-08	-6.370401606155367e-02
1.095421630839537e-08	-6.418744208429378e-02
1.100000000000000e-08	-6.436909012620215e-02
1.101307499926333e-08	-6.442067385003390e-02
1.103922499779000e-08	-6.452363041368163e-02
1.109152499484334e-08	-6.472828342371093e-02
1.115544930587350e-08	-6.497615732567767e-02
1.122872956336821e-08	-6.525727380193837e-02
1.134575366375217e-08	-6.569956931440110e-02
1.146661107563212e-08	-6.614792295665098e-02
1.157822933849098e-08	-6.655452845186004e-02
1.170850153372470e-08	-6.702018904334779e-02
1.184648476699492e-08	-6.750316386159630e-02
1.200000000000000e-08	-6.802838666839553e-02
1.202078252529203e-08	-6.809840766983703e-02
1.206234757587608e-08	-6.823799547018883e-02
1.214547767704419e-08	-6.851446352038848e-02
1.227311761668327e-08	-6.893202453052327e-02
1.241063443278328e-08	-6.937265853084604e-02
1.268566806498332e-08	-7.022606949007429e-02
1.300604273475953e-08	-7.117498108226317e-02
1.330588068435357e-08	-7.202095284774171e-02
1.366494047003528e-08	-7.298321673260806e-02
1.409409518766058e-08	-7.406471882423059e-02
1.423934287336476e-08	-7.441449333732164e-02
1.435010558260038e-08	-7.467592918307864e-02
1.447193550722457e-08	-7.495830535556325e-02
1.462227110249176e-08	-7.529942089598976e-02
1.475744387330191e-08	-7.559935523328726e-02
1.490609300373066e-08	-7.592195593551367e-02
1.506881161408802e-08	-7.626660082996498e-02
1.527693012215707e-08	-7.669482819940748e-02
1.558112996447969e-08	-7.729626534128234e-02
1.588850976593902e-08	-7.787561578029149e-02
1.619851035869818e-08	-7.843237536905545e-02
1.652736588395731e-08	-7.899424515149246e-02
1.686639012715181e-08	-7.954403380057783e-02
1.727961115822369e-08	-8.017598472434495e-02
1.772122260732795e-08	-8.080774604644941e-02
1.808210382716568e-08	-8.129253321291253e-02
1.831422333911685e-08	-8.159016041440849e-02
1.849705418472499e-08	-8.181709631074635e-02
1.862499509958261e-08	-8.197208352800028e-02
1.881460230439992e-08	-8.219615833628327e-02
1.899888567425082e-08	-8.240767095485853e-02
1.927639379370262e-08	-8.271493730091520e-02
1.956576945464049e-08	-8.302147006517906e-02
1.995300369757119e-08	-8.341062277236967e-02
2.037759554422913e-08	-8.381113226149388e-02
2.093029830911738e-08	-8.429434157834970e-02
2.162875234225926e-08	-8.484840120734304e-02
2.260531484225926e-08	-8.552893347902422e-02
2.358187734225926e-08	-8.611304172011273e-02
2.455843984225926e-08	-8.661439504866161e-02
2.553500234225926e-08	-8.704472342601667e-02
2.651156484225926e-08	-8.741409270521502e-02
2.748812734225926e-08	-8.773114091071241e-02
2.846468984225926e-08	-8.800328144671304e-02
2.944125234225926e-08	-8.823687665960089e-02
3.041781484225926e-08	-8.843738717897025e-02
3.139437734225926e-08	-8.860949968270788e-02
3.237093984225926e-08	-8.875723677199095e-02
3.334750234225925e-08	-8.888405105214953e-02
3.432406484225925e-08	-8.899290599241651e-02
3.530062734225925e-08	-8.908634522136920e-02
3.627718984225925e-08	-8.916655204932436e-02
3.725375234225924e-08	-8.923540051612207e-02
3.823031484225924e-08	-8.929449921547569e-02
3.920687734225924e-08	-8.934522890514854e-02
4.018343984225924e-08	-8.938877477803274e-02
4.116000234225923e-08	-8.942615417409568e-02
4.213656484225923e-08	-8.945824034682517e-02
4.311312734225923e-08	-8.948578288338228e-02
4.408968984225922e-08	-8.950942520885011e-02
4.506625234225922e-08	-8.952971963399609e-02
4.604281484225922e-08	-8.954714024832275e-02
4.701937734225922e-08	-8.956209400920245e-02
4.799593984225921e-08	-8.957493023881986e-02
4.897250234225921e-08	-8.958594879633865e-02
4.994906484225921e-08	-8.959540707337392e-02
5.092562734225921e-08	-8.960352601689310e-02
5.190218984225920e-08	-8.961049528198310e-02
5.287875234225920e-08	-8.961647767098926e-02
5.385531484225920e-08	-8.962161292866150e-02
5.483187734225919e-08	-8.962602101430839e-02
5.580843984225919e-08	-8.962980489734387e-02
5.678500234225919e-08	-8.963305296896534e-02
5.776156484225919e-08	-8.963584110097343e-02
5.873812734225918e-08	-8.963823442390273e-02
5.971468984225919e-08	-8.964028884316971e-02
6.069125234225919e-08	-8.964205234989581e-02
6.166781484225918e-08	-8.964356613735652e-02
6.264437734225918e-08	-8.964486556767257e-02
6.362093984225918e-08	-8.964598099371572e-02
6.459750234225917e-08	-8.964693847198014e-02
6.557406484225917e-08	-8.964776036775633e-02
6.655062734225917e-08	-8.964846588060081e-02
6.752718984225917e-08	-8.964907149005494e-02
6.850375234225916e-08	-8.964959134350972e-02
6.948031484225916e-08	-8.965003758372687e-02
7.045687734225916e-08	-8.965042063512572e-02
7.143343984225916e-08	-8.965074944490789e-02
7.241000234225915e-08	-8.965103169434911e-02
7.338656484225915e-08	-8.965127397610688e-02
7.436312734225915e-08	-8.965148195017725e-02
7.533968984225914e-08	-8.965166047421060e-02
7.631625234225914e-08	-8.965181371883005e-02
7.729281484225914e-08	-8.965194526326949e-02
7.826937734225914e-08	-8.965205818077768e-02
7.924593984225913e-08	-8.965215510866058e-02
8.022250234225913e-08	-8.965223831139321e-02
8.119906484225913e-08	-8.965230973220525e-02
8.217562734225912e-08	-8.965237103974588e-02
8.315218984225912e-08	-8.965242366575958e-02
8.412875234225912e-08	-8.965246883991079e-02
8.510531484225912e-08	-8.965250761710417e-02
8.608187734225911e-08	-8.965254090345011e-02
8.705843984225911e-08	-8.965256947626032e-02
8.803500234225911e-08	-8.965259400322574e-02
8.901156484225911e-08	-8.965261505692217e-02
8.998812734225910e-08	-8.965263312945568e-02
9.096468984225910e-08	-8.965264864272911e-02
9.194125234225910e-08	-8.965266195935634e-02
9.291781484225909e-08	-8.965267339021619e-02
9.389437734225909e-08	-8.965268320256842e-02
9.487093984225909e-08	-8.965269162534438e-02
9.584750234225909e-08	-8.965269885551150e-02
9.682406484225908e-08	-8.965270506175001e-02
9.780062734225908e-08	-8.965271038925088e-02
9.877718984225908e-08	-8.965271496228980e-02
9.975375234225908e-08	-8.965271888789580e-02
1.007303148422591e-07	-8.965272225749303e-02
1.017068773422591e-07	-8.965272515001581e-02
1.026834398422591e-07	-8.965272763286183e-02
1.036600023422591e-07	-8.965272976424080e-02
1.046365648422591e-07	-8.965273159373205e-02
1.056131273422591e-07	-8.965273316426219e-02
1.065896898422591e-07	-8.965273451232272e-02
1.075662523422591e-07	-8.965273566956061e-02
1.085428148422591e-07	-8.965273666284834e-02
1.095193773422590e-07	-8.965273751558532e-02
1.104959398422590e-07	-8.965273824745651e-02
1.114725023422590e-07	-8.965273887578304e-02
1.124490648422590e-07	-8.965273941504723e-02
1.134256273422590e-07	-8.965273987804298e-02
1.144021898422590e-07	-8.965274027539989e-02
1.153787523422590e-07	-8.965274061657884e-02
1.163553148422590e-07	-8.965274090932845e-02
1.173318773422590e-07	-8.965274116068325e-02
1.183084398422590e-07	-8.965274137643339e-02
1.192850023422590e-07	-8.965274156170097e-02
1.202615648422590e-07	-8.965274172059934e-02
1.212381273422590e-07	-8.965274185711018e-02
1.222146898422590e-07	-8.965274197423165e-02
1.231912523422590e-07	-8.965274207482335e-02
1.241678148422590e-07	-8.965274216108826e-02
1.251443773422590e-07	-8.965274223521183e-02
1.261209398422590e-07	-8.965274229878582e-02
1.270975023422590e-07	-8.965274235343856e-02
1.280740648422590e-07	-8.965274240024823e-02
1.290506273422590e-07	-8.965274244048770e-02
1.300271898422590e-07	-8.965274247497515e-02
1.310037523422590e-07	-8.965274250467907e-02
1.319803148422590e-07	-8.965274253010956e-02
1.329568773422590e-07	-8.965274255199022e-02
1.339334398422590e-07	-8.965274257068467e-02
1.349100023422590e-07	-8.965274258681387e-02
1.358865648422590e-07	-8.965274260060931e-02
1.368631273422590e-07	-8.965274261252766e-02
1.378396898422590e-07	-8.965274262271687e-02
1.388162523422590e-07	-8.965274263152202e-02
1.397928148422590e-07	-8.965274263897065e-02
1.407693773422590e-07	-8.965274264541175e-02
1.417459398422590e-07	-8.965274265094592e-02
1.427225023422590e-07	-8.965274265576963e-02
1.436990648422590e-07	-8.965274265975978e-02
1.446756273422590e-07	-8.965274266324590e-02
1.456521898422589e-07	-8.965274266620699e-02
1.466287523422589e-07	-8.965274266882702e-02
1.476053148422589e-07	-8.965274267098092e-02
1.485818773422589e-07	-8.965274267289478e-02
1.495584398422589e-07	-8.965274267448005e-02
1.505350023422589e-07	-8.965274267588298e-02
1.515115648422589e-07	-8.965274267704480e-02
1.524881273422589e-07	-8.965274267814330e-02
1.534646898422589e-07	-8.965274267902425e-02
1.544412523422589e-07	-8.965274267981049e-02
1.554178148422589e-07	-8.965274268041333e-02
1.563943773422589e-07	-8.965274268102509e-02
1.573709398422589e-07	-8.965274268148199e-02
1.583475023422589e-07	-8.965274268189374e-02
1.593240648422589e-07	-8.965274268224464e-02
1.603006273422589e-07	-8.965274268259482e-02
1.612771898422589e-07	-8.965274268281902e-02
1.622537523422589e-07	-8.965274268307603e-02
1.632303148422589e-07	-8.965274268321440e-02
1.642068773422589e-07	-8.965274268340950e-02
1.651834398422589e-07	-8.965274268354889e-02
1.661600023422589e-07	-8.965274268370627e-02
1.671365648422589e-07	-8.965274268378028e-02
1.681131273422589e-07	-8.965274268390629e-02
1.690896898422589e-07	-8.965274268395947e-02
1.700662523422589e-07	-8.965274268406177e-02
1.710428148422589e-07	-8.965274268407565e-02
1.720193773422589e-07	-8.965274268413169e-02
1.729959398422589e-07	-8.965274268409729e-02
1.739725023422589e-07	-8.965274268411476e-02
1.749490648422589e-07	-8.965274268412060e-02
1.759256273422589e-07	-8.965274268417606e-02
1.769021898422589e-07	-8.965274268417293e-02
1.778787523422589e-07	-8.965274268422933e-02
1.788553148422589e-07	-8.965274268423176e-02
1.798318773422589e-07	-8.965274268430727e-02
1.808084398422588e-07	-8.965274268430805e-02
1.817850023422588e-07	-8.965274268433451e-02
1.827615648422588e-07	-8.965274268430040e-02
1.837381273422588e-07	-8.965274268431128e-02
1.847146898422588e-07	-8.965274268433003e-02
1.856912523422588e-07	-8.965274268441162e-02
1.866678148422588e-07	-8.965274268436697e-02
1.876443773422588e-07	-8.965274268438075e-02
1.886209398422588e-07	-8.965274268437538e-02
1.895975023422588e-07	-8.965274268443554e-02
1.905740648422588e-07	-8.965274268444669e-02
1.915506273422588e-07	-8.965274268446101e-02
1.925271898422588e-07	-8.965274268441319e-02
1.935037523422588e-07	-8.965274268440870e-02
1.944803148422588e-07	-8.965274268435079e-02
1.954568773422588e-07	-8.965274268440651e-02
1.964334398422588e-07	-8.965274268439948e-02
1.974100023422588e-07	-8.965274268440933e-02
1.983865648422588e-07	-8.965274268437518e-02
1.993631273422588e-07	-8.965274268435468e-02
2.003396898422588e-07	-8.965274268433890e-02
2.013162523422588e-07	-8.965274268438000e-02
2.022928148422588e-07	-8.965274268434917e-02
2.032693773422588e-07	-8.965274268440906e-02
2.042459398422588e-07	-8.965274268438685e-02
2.052225023422588e-07	-8.965274268438624e-02
2.061990648422588e-07	-8.965274268439306e-02
2.071756273422588e-07	-8.965274268442100e-02
2.081521898422588e-07	-8.965274268437401e-02
2.091287523422588e-07	-8.965274268437641e-02
2.101053148422588e-07	-8.965274268433666e-02
2.110818773422588e-07	-8.965274268434144e-02
2.120584398422588e-07	-8.965274268429810e-02
2.130350023422588e-07	-8.965274268429750e-02
2.140115648422588e-07	-8.965274268425055e-02
2.149881273422588e-07	-8.965274268424346e-02
2.159646898422588e-07	-8.965274268424459e-02
2.169412523422587e-07	-8.965274268429588e-02
2.179178148422587e-07	-8.965274268430108e-02
2.188943773422587e-07	-8.965274268435162e-02
2.198709398422587e-07	-8.965274268435081e-02
2.208475023422587e-07	-8.965274268437641e-02
2.218240648422587e-07	-8.965274268433827e-02
2.228006273422587e-07	-8.965274268433455e-02
2.237771898422587e-07	-8.965274268428947e-02
2.247537523422587e-07	-8.965274268428622e-02
2.257303148422587e-07	-8.965274268429504e-02
2.267068773422587e-07	-8.965274268433811e-02
2.276834398422587e-07	-8.965274268433700e-02
2.286600023422587e-07	-8.965274268439155e-02
2.296365648422587e-07	-8.965274268435169e-02
2.306131273422587e-07	-8.965274268435643e-02
2.315896898422587e-07	-8.965274268433535e-02
2.325662523422587e-07	-8.965274268434241e-02
2.335428148422587e-07	-8.965274268432502e-02
2.345193773422587e-07	-8.965274268433161e-02
2.354959398422587e-07	-8.965274268431236e-02
2.364725023422587e-07	-8.965274268436424e-02
2.374490648422587e-07	-8.965274268435770e-02
2.384256273422587e-07	-8.965274268438822e-02
2.394021898422587e-07	-8.965274268440801e-02
2.403787523422588e-07	-8.965274268445153e-02
2.413553148422588e-07	-8.965274268443084e-02
2.423318773422588e-07	-8.965274268442811e-02
2.433084398422588e-07	-8.965274268443195e-02
2.442850023422589e-07	-8.965274268444806e-02
2.452615648422589e-07	-8.965274268437376e-02
2.462381273422589e-07	-8.965274268438009e-02
2.472146898422589e-07	-8.965274268440013e-02
2.481912523422590e-07	-8.965274268443012e-02
2.491678148422590e-07	-8.965274268438624e-02
2.501443773422590e-07	-8.965274268439516e-02
2.511209398422590e-07	-8.965274268439166e-02
2.520975023422590e-07	-8.965274268441707e-02
2.530740648422591e-07	-8.965274268442661e-02
2.540506273422591e-07	-8.965274268443030e-02
2.550271898422591e-07	-8.965274268441438e-02
2.560037523422591e-07	-8.965274268444079e-02
2.569803148422592e-07	-8.965274268440934e-02
2.579568773422592e-07	-8.965274268440213e-02
2.589334398422592e-07	-8.965274268435382e-02
2.599100023422592e-07	-8.965274268434242e-02
2.608865648422593e-07	-8.965274268434413e-02
2.618631273422593e-07	-8.965274268444742e-02
2.628396898422593e-07	-8.965274268447304e-02
2.638162523422593e-07	-8.965274268445736e-02
2.647928148422594e-07	-8.965274268441099e-02
2.657693773422594e-07	-8.965274268439287e-02
2.667459398422594e-07	-8.965274268438543e-02
2.677225023422594e-07	-8.965274268440913e-02
2.686990648422595e-07	-8.965274268435246e-02
2.696756273422595e-07	-8.965274268434130e-02
2.706521898422595e-07	-8.965274268433150e-02
2.716287523422595e-07	-8.965274268436677e-02
2.726053148422595e-07	-8.965274268437624e-02
2.735818773422596e-07	-8.965274268435562e-02
2.745584398422596e-07	-8.965274268430808e-02
2.755350023422596e-07	-8.965274268434222e-02
2.765115648422596e-07	-8.965274268434247e-02
2.774881273422597e-07	-8.965274268436133e-02
2.784646898422597e-07	-8.965274268433109e-02
2.794412523422597e-07	-8.965274268431096e-02
2.804178148422597e-07	-8.965274268431667e-02
2.813943773422598e-07	-8.965274268435000e-02
2.823709398422598e-07	-8.965274268432701e-02
2.833475023422598e-07	-8.965274268431433e-02
2.843240648422598e-07	-8.965274268427338e-02
2.853006273422599e-07	-8.965274268426261e-02
2.862771898422599e-07	-8.965274268426061e-02
2.872537523422599e-07	-8.965274268433093e-02
2.882303148422599e-07	-8.965274268433984e-02
2.892068773422599e-07	-8.965274268437085e-02
2.901834398422600e-07	-8.965274268438869e-02
2.911600023422600e-07	-8.965274268440547e-02
2.921365648422600e-07	-8.965274268436681e-02
2.931131273422600e-07	-8.965274268433666e-02
2.940896898422601e-07	-8.965274268429650e-02
2.950662523422601e-07	-8.965274268430076e-02
2.960428148422601e-07	-8.965274268426233e-02
2.970193773422601e-07	-8.965274268429957e-02
2.979959398422602e-07	-8.965274268435253e-02
2.989725023422602e-07	-8.965274268437323e-02
2.999490648422602e-07	-8.965274268432204e-02
3.009256273422602e-07	-8.965274268429400e-02
3.019021898422603e-07	-8.965274268430291e-02
3.028787523422603e-07	-8.965274268435540e-02
3.038553148422603e-07	-8.965274268432538e-02
3.048318773422603e-07	-8.965274268428597e-02
3.058084398422604e-07	-8.965274268423626e-02
3.067850023422604e-07	-8.965274268421193e-02
3.077615648422604e-07	-8.965274268418102e-02
3.087381273422604e-07	-8.965274268420417e-02
3.097146898422604e-07	-8.965274268423332e-02
3.106912523422605e-07	-8.965274268428874e-02
3.116678148422605e-07	-8.965274268427732e-02
3.126443773422605e-07	-8.965274268428404e-02
3.136209398422605e-07	-8.965274268429427e-02
3.145975023422606e-07	-8.965274268430680e-02
3.155740648422606e-07	-8.965274268431589e-02
3.165506273422606e-07	-8.965274268438210e-02
3.175271898422606e-07	-8.965274268439673e-02
3.185037523422607e-07	-8.965274268436993e-02
3.194803148422607e-07	-8.965274268430200e-02
3.204568773422607e-07	-8.965274268431769e-02
3.214334398422607e-07	-8.965274268434112e-02
3.224100023422608e-07	-8.965274268432998e-02
3.233865648422608e-07	-8.965274268433265e-02
3.243631273422608e-07	-8.965274268435555e-02
3.253396898422608e-07	-8.965274268433390e-02
3.263162523422609e-07	-8.965274268438447e-02
3.272928148422609e-07	-8.965274268441946e-02
3.282693773422609e-07	-8.965274268444931e-02
3.292459398422609e-07	-8.965274268443049e-02
3.302225023422609e-07	-8.965274268443049e-02
3.311990648422610e-07	-8.965274268441531e-02
3.321756273422610e-07	-8.965274268443300e-02
3.331521898422610e-07	-8.965274268444423e-02
3.341287523422610e-07	-8.965274268444882e-02
3.351053148422611e-07	-8.965274268441142e-02
3.360818773422611e-07	-8.965274268439402e-02
3.370584398422611e-07	-8.965274268434208e-02
3.380350023422611e-07	-8.965274268433600e-02
3.390115648422612e-07	-8.965274268432791e-02
3.399881273422612e-07	-8.965274268432452e-02
3.409646898422612e-07	-8.965274268433755e-02
3.419412523422612e-07	-8.965274268435268e-02
3.429178148422613e-07	-8.965274268434092e-02
3.438943773422613e-07	-8.965274268439180e-02
3.448709398422613e-07	-8.965274268443713e-02
3.458475023422613e-07	-8.965274268444955e-02
3.468240648422613e-07	-8.965274268444509e-02
3.478006273422614e-07	-8.965274268448749e-02
3.487771898422614e-07	-8.965274268449482e-02
3.497537523422614e-07	-8.965274268449833e-02
3.507303148422614e-07	-8.965274268447081e-02
3.517068773422615e-07	-8.965274268444436e-02
3.526834398422615e-07	-8.965274268442311e-02
3.536600023422615e-07	-8.965274268445880e-02
3.546365648422615e-07	-8.965274268444277e-02
3.556131273422616e-07	-8.965274268443321e-02
3.565896898422616e-07	-8.965274268441337e-02
3.575662523422616e-07	-8.965274268442913e-02
3.585428148422616e-07	-8.965274268442323e-02
3.595193773422617e-07	-8.965274268443144e-02
3.604959398422617e-07	-8.965274268446337e-02
3.614725023422617e-07	-8.965274268447479e-02
3.624490648422617e-07	-8.965274268444176e-02
3.634256273422618e-07	-8.965274268444340e-02
3.644021898422618e-07	-8.965274268445407e-02
3.653787523422618e-07	-8.965274268446355e-02
3.663553148422618e-07	-8.965274268443706e-02
3.673318773422618e-07	-8.965274268448718e-02
3.683084398422619e-07	-8.965274268450132e-02
3.692850023422619e-07	-8.965274268449544e-02
3.702615648422619e-07	-8.965274268450443e-02
3.712381273422619e-07	-8.965274268452682e-02
3.722146898422620e-07	-8.965274268454346e-02
3.731912523422620e-07	-8.965274268456389e-02
3.741678148422620e-07	-8.965274268451229e-02
3.751443773422620e-07	-8.965274268447909e-02
3.761209398422621e-07	-8.965274268448511e-02
3.770975023422621e-07	-8.965274268452092e-02
3.780740648422621e-07	-8.965274268451248e-02
3.790506273422621e-07	-8.965274268449247e-02
3.800271898422622e-07	-8.965274268448320e-02
3.810037523422622e-07	-8.965274268450876e-02
3.819803148422622e-07	-8.965274268448331e-02
3.829568773422622e-07	-8.965274268445565e-02
3.839334398422623e-07	-8.965274268444361e-02
3.849100023422623e-07	-8.965274268446521e-02
3.858865648422623e-07	-8.965274268446333e-02
3.868631273422623e-07	-8.965274268444423e-02
3.878396898422623e-07	-8.965274268441217e-02
3.888162523422624e-07	-8.965274268440646e-02
3.897928148422624e-07	-8.965274268436416e-02
3.907693773422624e-07	-8.965274268437359e-02
3.917459398422624e-07	-8.965274268440049e-02
3.927225023422625e-07	-8.965274268442097e-02
3.936990648422625e-07	-8.965274268439208e-02
3.946756273422625e-07	-8.965274268438381e-02
3.956521898422625e-07	-8.965274268439477e-02
3.966287523422626e-07	-8.965274268440700e-02
3.976053148422626e-07	-8.965274268440601e-02
3.985818773422626e-07	-8.965274268445061e-02
3.995584398422626e-07	-8.965274268449698e-02
4.000000000000000e-07	-8.965274268452220e-02
4.000023920237064e-07	-8.965274283886812e-02
4.000071760711191e-07	-8.965274372108135e-02
4.000167441659447e-07	-8.965275149962378e-02
4.000358803555957e-07	-8.965280936978405e-02
4.000741527348977e-07	-8.965315983411737e-02
4.001234716255892e-07	-8.965407906217343e-02
4.001723464309704e-07	-8.965534177666677e-02
4.002137904728689e-07	-8.965643964231300e-02
4.002546548369338e-07	-8.965724049037904e-02
4.003195096268333e-07	-8.965687498213543e-02
4.004133777416914e-07	-8.964844173691054e-02
4.005769240481773e-07	-8.958080300988247e-02
4.007656392566499e-07	-8.934577023701198e-02
4.010000000000000e-07	-8.866687091253700e-02
4.010270744985931e-07	-8.855108386480304e-02
4.010812234957794e-07	-8.830281658289270e-02
4.011895214901519e-07	-8.770341067898949e-02
4.013244436961036e-07	-8.676200880334928e-02
4.014847945779817e-07	-8.537478182515275e-02
4.017349301455085e-07	-8.274290130656317e-02
4.020383453836124e-07	-7.907858037802087e-02
4.023826635664756e-07	-7.471189771718928e-02
4.026674188939443e-07	-7.113743168542286e-02
4.029992436777493e-07	-6.712539380999386e-02
4.033161938834459e-07	-6.347502677450256e-02
4.037444723224392e-07	-5.882536057474800e-02
4.041988730451317e-07	-5.422578450893172e-02
4.046867758372013e-07	-4.963774307737890e-02
4.052323740755726e-07	-4.490019851979549e-02
4.056870966198581e-07	-4.124517529680680e-02
4.061491984386538e-07	-3.778358750239990e-02
4.066083829795520e-07	-3.457938461703067e-02
4.073389185551412e-07	-2.992413424977468e-02
4.082418301758111e-07	-2.484825588271228e-02
4.092183926758111e-07	-2.009944104324547e-02
4.100000000000000e-07	-1.678592586017735e-02
4.100095136842795e-07	-1.674808877484155e-02
4.100285410528385e-07	-1.667252582896177e-02
4.100665957899565e-07	-1.652206521011958e-02
4.101167638764169e-07	-1.632505947853580e-02
4.101740157366753e-07	-1.610209728904660e-02
4.102623032168859e-07	-1.576211763593624e-02
4.104343486435322e-07	-1.511278180670029e-02
4.107784394968249e-07	-1.386468082702769e-02
4.110000000000000e-07	-1.309564810572851e-02
4.110355098714445e-07	-1.297517251025794e-02
4.111065296143336e-07	-1.273553980182602e-02
4.112485691001118e-07	-1.226410018915618e-02
4.114201976976979e-07	-1.170811726899899e-02
4.116025470666276e-07	-1.113338532211184e-02
4.119672458044870e-07	-1.003132633466472e-02
4.124245397825834e-07	-8.734517025844730e-03
4.133391277387761e-07	-6.398610969330939e-03
4.143014828881188e-07	-4.273841717560487e-03
4.152780453881189e-07	-2.419434440005460e-03
4.162546078881189e-07	-8.265371236878323e-04
4.172311703881189e-07	5.416346286797814e-04
4.182077328881189e-07	1.716719863084563e-03
4.191842953881190e-07	2.725922663391872e-03
4.201608578881190e-07	3.592625308673906e-03
4.211374203881190e-07	4.336923013626302e-03
4.212594907006190e-07	4.421286917257885e-03
4.215036313256190e-07	4.586868862782121e-03
4.215646664818690e-07	4.627095710081174e-03
4.216867367943690e-07	4.706792330593187e-03
4.217172543724940e-07	4.726433923372090e-03
4.217248837670253e-07	4.731338497363142e-03
4.217401425560878e-07	4.741136010957802e-03
4.217439572533534e-07	4.743581029059457e-03
4.217449109276698e-07	4.744192192866439e-03
4.217468182763026e-07	4.745414339070356e-03
4.217472951134608e-07	4.745719807597571e-03
4.217474143227504e-07	4.745796173312448e-03
4.217476527413295e-07	4.745948901908401e-03
4.217477123459742e-07	4.745987082994725e-03
4.217478315552638e-07	4.746063444458947e-03
4.217478613575862e-07	4.746082534559346e-03
4.217479209622310e-07	4.746120714583039e-03
4.217479214278922e-07	4.746121012863058e-03
4.217479214351682e-07	4.746121017523683e-03
4.217479214424442e-07	4.746121022184308e-03
4.217479214442632e-07	4.746121023349464e-03
4.217479214452397e-07	4.746121023975002e-03
4.217479214462163e-07	4.746121024600538e-03
4.217479215044240e-07	4.746121061885540e-03
4.217479215189759e-07	4.746121071206791e-03
4.217479219846372e-07	4.746121369486629e-03
4.217479219856138e-07	4.746121370112166e-03
4.217479219865904e-07	4.746121370737703e-03
4.217479257118807e-07	4.746123756976262e-03
4.217479328093635e-07	4.746128303273812e-03
4.217479470043291e-07	4.746137395854018e-03
4.217479753942604e-07	4.746155580954163e-03
4.217480321741231e-07	4.746191950913384e-03
4.217481457338484e-07	4.746264689867569e-03
4.217483728532989e-07	4.746410163918989e-03
4.217488270922001e-07	4.746701096594715e-03
4.217497355700023e-07	4.747282900243135e-03
4.217515525256068e-07	4.748446260771063e-03
4.217551864368158e-07	4.750771995096532e-03
4.217624542592338e-07	4.755419519590075e-03
4.217769899040698e-07	4.764698814054891e-03
4.218060611937417e-07	4.783194561529386e-03
4.218642037730855e-07	4.819936099386998e-03
4.219804889317733e-07	4.892430526918290e-03
4.222130592491488e-07	5.033552563572366e-03
4.222712018284926e-07	5.067883683313866e-03
4.223874869871804e-07	5.135930025322156e-03
4.223911208983893e-07	5.138036035361154e-03
4.223920293761916e-07	5.138562463421382e-03
4.223938463317961e-07	5.139615170663718e-03
4.223943005706972e-07	5.139878291648960e-03
4.223944141304225e-07	5.139944070732427e-03
4.223946412498731e-07	5.140075626573718e-03
4.223950954887742e-07	5.140338724302939e-03
4.223960039665765e-07	5.140864863952823e-03
4.223978209221810e-07	5.141916920057462e-03
4.224014548333900e-07	5.144020139799392e-03
4.224087226558080e-07	5.148223011921986e-03
4.224232583006439e-07	5.156614506798850e-03
4.224523295903158e-07	5.173340659553687e-03
4.225104721696597e-07	5.206566895785305e-03
4.226267573283475e-07	5.272125221629446e-03
4.228593276457229e-07	5.399744715664331e-03
4.233244682804739e-07	5.641605569598666e-03
4.234407534391617e-07	5.698844938369303e-03
4.236733237565371e-07	5.811287971024455e-03
4.237314663358810e-07	5.838642164544645e-03
4.238477514945687e-07	5.892859751474865e-03
4.238768227842407e-07	5.906230922725165e-03
4.239349653635845e-07	5.932852764728671e-03
4.239495010084205e-07	5.939463139041155e-03
4.239785722980924e-07	5.952654033741232e-03
4.239858401205104e-07	5.955940574781590e-03
4.240003757653464e-07	5.962506227040707e-03
4.240040096765554e-07	5.964144855503149e-03
4.240112774989734e-07	5.967420259176152e-03
4.240115046184239e-07	5.967522554009340e-03
4.240115613982866e-07	5.967548127491547e-03
4.240116749580119e-07	5.967599274003785e-03
4.240117033479432e-07	5.967612060462280e-03
4.240117104454260e-07	5.967615257073372e-03
4.240117246403916e-07	5.967621650288491e-03
4.240117281891331e-07	5.967623248589620e-03
4.240117352866159e-07	5.967626445190112e-03
4.240117494815815e-07	5.967632838380497e-03
4.240117530303229e-07	5.967634436675444e-03
4.240117601278058e-07	5.967637633263570e-03
4.240117743227714e-07	5.967644026429228e-03
4.240118027127027e-07	5.967656812718157e-03
4.240118594925653e-07	5.967682385126453e-03
4.240119730522906e-07	5.967733529264818e-03
4.240122001717412e-07	5.967835814828668e-03
4.240126544106424e-07	5.968040375105314e-03
4.240135628884446e-07	5.968449452258205e-03
4.240153798440491e-07	5.969267432992962e-03
4.240190137552581e-07	5.970902700422797e-03
4.240262815776761e-07	5.974170461077962e-03
4.240408172225120e-07	5.980694901186970e-03
4.240698885121840e-07	5.993699581289347e-03
4.241280310915278e-07	6.019533134500927e-03
4.242443162502156e-07	6.070504888722569e-03
4.244768865675910e-07	6.169728774201560e-03
4.245350291469349e-07	6.193867027816630e-03
4.245368461025394e-07	6.194621134879201e-03
4.245373003414405e-07	6.194809648310618e-03
4.245382088192428e-07	6.195186648506931e-03
4.245400257748473e-07	6.195940488923479e-03
4.245404800137484e-07	6.196128909039342e-03
4.245413884915507e-07	6.196505722617934e-03
4.245432054471551e-07	6.197259189879045e-03
4.245468393583641e-07	6.198765485044208e-03
4.245541071807821e-07	6.201775519760409e-03
4.245686428256181e-07	6.207785381204412e-03
4.245722767368271e-07	6.209285297445262e-03
4.245795445592451e-07	6.212283433394267e-03
4.245940802040810e-07	6.218269537642938e-03
4.245977141152900e-07	6.219763524668531e-03
4.246049819377080e-07	6.222749808895184e-03
4.246195175825440e-07	6.228712249853212e-03
4.246485888722159e-07	6.240596736012074e-03
4.247067314515598e-07	6.264205034569826e-03
4.248230166102475e-07	6.310786139263597e-03
4.250555869276230e-07	6.401462857437588e-03
4.250628547500410e-07	6.404242046901728e-03
4.250646717056455e-07	6.404936647732751e-03
4.250683056168545e-07	6.406325456436086e-03
4.250692140946567e-07	6.406672511273242e-03
4.250710310502612e-07	6.407366522763443e-03
4.250746649614702e-07	6.408753956805695e-03
4.250819327838882e-07	6.411526470802128e-03
4.250964684287242e-07	6.417062095742868e-03
4.251255397183961e-07	6.428095839550349e-03
4.251836822977399e-07	6.450014147627847e-03
4.252999674564277e-07	6.493260735182435e-03
4.255325377738032e-07	6.577446240678331e-03
4.259976784085541e-07	6.736989650532212e-03
4.269279596780560e-07	7.023745959891349e-03
4.279045221780561e-07	7.283227186463874e-03
4.288810846780561e-07	7.506028469661608e-03
4.298576471780561e-07	7.697333123060371e-03
4.308342096780561e-07	7.861592667432337e-03
4.318107721780562e-07	8.002629539660166e-03
4.327873346780562e-07	8.123726144041523e-03
4.337638971780562e-07	8.227701148268178e-03
4.347404596780562e-07	8.316974946014478e-03
4.357170221780563e-07	8.393625988449199e-03
4.366935846780563e-07	8.459438778610459e-03
4.368156549905563e-07	8.466897653280762e-03
4.368461725686813e-07	8.468753547196568e-03
4.369072077249313e-07	8.472447769192275e-03
4.369224665139938e-07	8.473364753127391e-03
4.369529840921188e-07	8.475194371144291e-03
4.369606134866500e-07	8.475650146390051e-03
4.369625208352829e-07	8.475764056349422e-03
4.369663355325485e-07	8.475991808584223e-03
4.369739649270797e-07	8.476446907191420e-03
4.369742033456588e-07	8.476461120041962e-03
4.369746801828170e-07	8.476489544687132e-03
4.369756338571334e-07	8.476546387642460e-03
4.369756636594558e-07	8.476548163844589e-03
4.369757232641006e-07	8.476551716232357e-03
4.369758424733901e-07	8.476558820908926e-03
4.369758722757125e-07	8.476560597053323e-03
4.369759318803573e-07	8.476564149325622e-03
4.369760510896469e-07	8.476571253771256e-03
4.369762895082259e-07	8.476585462266661e-03
4.369767663453842e-07	8.476613877674087e-03
4.369777200197005e-07	8.476670702155992e-03
4.369796273683333e-07	8.476784325792679e-03
4.369834420655990e-07	8.477011471795250e-03
4.369910714601302e-07	8.477465359017930e-03
4.370063302491927e-07	8.478371516735524e-03
4.370368478273177e-07	8.480177384427407e-03
4.370978829835677e-07	8.483763481380619e-03
4.372199532960677e-07	8.490834329069573e-03
4.374640939210677e-07	8.504580096967196e-03
4.379523751710677e-07	8.530560462286198e-03
4.389289376710678e-07	8.577010674586168e-03
4.399055001710678e-07	8.616892671562182e-03
4.408820626710678e-07	8.651135159333143e-03
4.418586251710678e-07	8.680535539431419e-03
4.428351876710679e-07	8.705778515299308e-03
4.438117501710679e-07	8.727451946479286e-03
4.447883126710679e-07	8.746060559917501e-03
4.457648751710679e-07	8.762037747807844e-03
4.467414376710680e-07	8.775755601984743e-03
4.477180001710680e-07	8.787533612035665e-03
4.486945626710680e-07	8.797646084501353e-03
4.496711251710680e-07	8.806328542087157e-03
4.506476876710680e-07	8.813783201304298e-03
4.516242501710681e-07	8.820183685139236e-03
4.526008126710681e-07	8.825679064749428e-03
4.535773751710681e-07	8.830397331444364e-03
4.545539376710681e-07	8.834448377741987e-03
4.555305001710682e-07	8.837926555971758e-03
4.565070626710682e-07	8.840912876519797e-03
4.574836251710682e-07	8.843476893762399e-03
4.584601876710682e-07	8.845678326568403e-03
4.594367501710683e-07	8.847568448665806e-03
4.604133126710683e-07	8.849191283354409e-03
4.613898751710683e-07	8.850584628289677e-03
4.623664376710683e-07	8.851780936320611e-03
4.633430001710684e-07	8.852808070849193e-03
4.643195626710684e-07	8.853689955282422e-03
4.652961251710684e-07	8.854447129729123e-03
4.662726876710684e-07	8.855097229809114e-03
4.672492501710685e-07	8.855655397251649e-03
4.682258126710685e-07	8.856134632572449e-03
4.692023751710685e-07	8.856546097661311e-03
4.701789376710685e-07	8.856899376181752e-03
4.711555001710685e-07	8.857202696470903e-03
4.721320626710686e-07	8.857463123380862e-03
4.731086251710686e-07	8.857686722620259e-03
4.740851876710686e-07	8.857878701914162e-03
4.750617501710686e-07	8.858043532709392e-03
4.760383126710687e-07	8.858185054298787e-03
4.770148751710687e-07	8.858306562818866e-03
4.779914376710687e-07	8.858410888469432e-03
4.789680001710687e-07	8.858500461069174e-03
4.799445626710688e-07	8.858577366954770e-03
4.809211251710688e-07	8.858643397319173e-03
4.818976876710688e-07	8.858700090109976e-03
4.828742501710688e-07	8.858748765722620e-03
4.838508126710689e-07	8.858790557995249e-03
4.848273751710689e-07	8.858826440271958e-03
4.858039376710689e-07	8.858857248368570e-03
4.867805001710689e-07	8.858883699822547e-03
4.877570626710690e-07	8.858906410691331e-03
4.887336251710690e-07	8.858925909926938e-03
4.897101876710690e-07	8.858942651672417e-03
4.906867501710690e-07	8.858957025895942e-03
4.916633126710690e-07	8.858969367431160e-03
4.926398751710691e-07	8.858979963721635e-03
4.936164376710691e-07	8.858989061583155e-03
4.945930001710691e-07	8.858996872843482e-03
4.955695626710691e-07	8.859003579460826e-03
4.965461251710692e-07	8.859009337694441e-03
4.975226876710692e-07	8.859014281645731e-03
4.984992501710692e-07	8.859018526482213e-03
4.994758126710692e-07	8.859022171081515e-03
5.004523751710693e-07	8.859025300248576e-03
5.014289376710693e-07	8.859027986898063e-03
5.024055001710693e-07	8.859030293623071e-03
5.033820626710693e-07	8.859032274155463e-03
5.043586251710694e-07	8.859033974634729e-03
5.053351876710694e-07	8.859035434641492e-03
5.063117501710694e-07	8.859036688127998e-03
5.072883126710694e-07	8.859037764338050e-03
5.082648751710694e-07	8.859038688385890e-03
5.092414376710695e-07	8.859039481779364e-03
5.102180001710695e-07	8.859040163006295e-03
5.111945626710695e-07	8.859040747932362e-03
5.121711251710695e-07	8.859041250119826e-03
5.131476876710696e-07	8.859041681280105e-03
5.141242501710696e-07	8.859042051460351e-03
5.151008126710696e-07	8.859042369301226e-03
5.160773751710696e-07	8.859042642157042e-03
5.170539376710697e-07	8.859042876419532e-03
5.180305001710697e-07	8.859043077564270e-03
5.190070626710697e-07	8.859043250280894e-03
5.199836251710697e-07	8.859043398600075e-03
5.209601876710698e-07	8.859043525920025e-03
5.219367501710698e-07	8.859043635216545e-03
5.229133126710698e-07	8.859043729074510e-03
5.238898751710698e-07	8.859043809642909e-03
5.248664376710699e-07	8.859043878810823e-03
5.258430001710699e-07	8.859043938244616e-03
5.268195626710699e-07	8.859043989293814e-03
5.277961251710699e-07	8.859044033097334e-03
5.287726876710699e-07	8.859044070695070e-03
5.297492501710700e-07	8.859044102937788e-03
5.307258126710700e-07	8.859044130602862e-03
5.317023751710700e-07	8.859044154337099e-03
5.326789376710700e-07	8.859044174738600e-03
5.336555001710701e-07	8.859044192306211e-03
5.346320626710701e-07	8.859044207395953e-03
5.356086251710701e-07	8.859044220351196e-03
5.365851876710701e-07	8.859044231464672e-03
5.375617501710702e-07	8.859044240952805e-03
5.385383126710702e-07	8.859044249106515e-03
5.395148751710702e-07	8.859044256162511e-03
5.404914376710702e-07	8.859044262219578e-03
5.414680001710703e-07	8.859044267388339e-03
5.424445626710703e-07	8.859044271808577e-03
5.434211251710703e-07	8.859044275572284e-03
5.443976876710703e-07	8.859044278815913e-03
5.453742501710704e-07	8.859044281680353e-03
5.463508126710704e-07	8.859044284159328e-03
5.473273751710704e-07	8.859044286244951e-03
5.483039376710704e-07	8.859044288025829e-03
5.492805001710704e-07	8.859044289539451e-03
5.502570626710705e-07	8.859044290840105e-03
5.512336251710705e-07	8.859044291975813e-03
5.522101876710705e-07	8.859044292960576e-03
5.531867501710705e-07	8.859044293800043e-03
5.541633126710706e-07	8.859044294535724e-03
5.551398751710706e-07	8.859044295173858e-03
5.561164376710706e-07	8.859044295704407e-03
5.570930001710706e-07	8.859044296170272e-03
5.580695626710707e-07	8.859044296562006e-03
5.590461251710707e-07	8.859044296886252e-03
5.600226876710707e-07	8.859044297154525e-03
5.609992501710707e-07	8.859044297339793e-03
5.619758126710708e-07	8.859044297516459e-03
5.629523751710708e-07	8.859044297715097e-03
5.639289376710708e-07	8.859044297894492e-03
5.649055001710708e-07	8.859044298080166e-03
5.658820626710708e-07	8.859044298237927e-03
5.668586251710709e-07	8.859044298319014e-03
5.678351876710709e-07	8.859044298389785e-03
5.688117501710709e-07	8.859044298442283e-03
5.697883126710709e-07	8.859044298457215e-03
5.707648751710710e-07	8.859044298488137e-03
5.717414376710710e-07	8.859044298563481e-03
5.727180001710710e-07	8.859044298603168e-03
5.736945626710710e-07	8.859044298625293e-03
5.746711251710711e-07	8.859044298659443e-03
5.756476876710711e-07	8.859044298676478e-03
5.766242501710711e-07	8.859044298716284e-03
5.776008126710711e-07	8.859044298775404e-03
5.785773751710712e-07	8.859044298813793e-03
5.795539376710712e-07	8.859044298814595e-03
5.805305001710712e-07	8.859044298793204e-03
5.815070626710712e-07	8.859044298796677e-03
5.824836251710713e-07	8.859044298814948e-03
5.834601876710713e-07	8.859044298820281e-03
5.844367501710713e-07	8.859044298817724e-03
5.854133126710713e-07	8.859044298820186e-03
5.863898751710713e-07	8.859044298811000e-03
5.873664376710714e-07	8.859044298792484e-03
5.883430001710714e-07	8.859044298809363e-03
5.893195626710714e-07	8.859044298859236e-03
5.902961251710714e-07	8.859044298872734e-03
5.912726876710715e-07	8.859044298856705e-03
5.922492501710715e-07	8.859044298857602e-03
5.932258126710715e-07	8.859044298846461e-03
5.942023751710715e-07	8.859044298779007e-03
5.951789376710716e-07	8.859044298734671e-03
5.961555001710716e-07	8.859044298752495e-03
5.971320626710716e-07	8.859044298781192e-03
5.981086251710716e-07	8.859044298796741e-03
5.990851876710717e-07	8.859044298810695e-03
6.000617501710717e-07	8.859044298819924e-03
6.010383126710717e-07	8.859044298824205e-03
6.020148751710717e-07	8.859044298843341e-03
6.029914376710718e-07	8.859044298843773e-03
6.039680001710718e-07	8.859044298807990e-03
6.049445626710718e-07	8.859044298780544e-03
6.059211251710718e-07	8.859044298802668e-03
6.068976876710718e-07	8.859044298827317e-03
6.078742501710719e-07	8.859044298836164e-03
6.088508126710719e-07	8.859044298828486e-03
6.098273751710719e-07	8.859044298790584e-03
6.108039376710719e-07	8.859044298806079e-03
6.117805001710720e-07	8.859044298847598e-03
6.127570626710720e-07	8.859044298891769e-03
6.137336251710720e-07	8.859044298919360e-03
6.147101876710720e-07	8.859044298906441e-03
6.156867501710721e-07	8.859044298893441e-03
6.166633126710721e-07	8.859044298846704e-03
6.176398751710721e-07	8.859044298779681e-03
6.186164376710721e-07	8.859044298746467e-03
6.195930001710722e-07	8.859044298750640e-03
6.205695626710722e-07	8.859044298746031e-03
6.215461251710722e-07	8.859044298732452e-03
6.225226876710722e-07	8.859044298746989e-03
6.234992501710723e-07	8.859044298767146e-03
6.244758126710723e-07	8.859044298790477e-03
6.254523751710723e-07	8.859044298783474e-03
6.264289376710723e-07	8.859044298777962e-03
6.274055001710723e-07	8.859044298794257e-03
6.283820626710724e-07	8.859044298794963e-03
6.293586251710724e-07	8.859044298785956e-03
6.303351876710724e-07	8.859044298769103e-03
6.313117501710724e-07	8.859044298774498e-03
6.322883126710725e-07	8.859044298792728e-03
6.332648751710725e-07	8.859044298763410e-03
6.342414376710725e-07	8.859044298711181e-03
6.352180001710725e-07	8.859044298706122e-03
6.361945626710726e-07	8.859044298729964e-03
6.371711251710726e-07	8.859044298715464e-03
6.381476876710726e-07	8.859044298694994e-03
6.391242501710726e-07	8.859044298722734e-03
6.401008126710727e-07	8.859044298754096e-03
6.410773751710727e-07	8.859044298748772e-03
6.420539376710727e-07	8.859044298760235e-03
6.430305001710727e-07	8.859044298777133e-03
6.440070626710727e-07	8.859044298754601e-03
6.449836251710728e-07	8.859044298717861e-03
6.459601876710728e-07	8.859044298708117e-03
6.469367501710728e-07	8.859044298707876e-03
6.479133126710728e-07	8.859044298710757e-03
6.488898751710729e-07	8.859044298711758e-03
6.498664376710729e-07	8.859044298688954e-03
6.508430001710729e-07	8.859044298665901e-03
6.518195626710729e-07	8.859044298671384e-03
6.527961251710730e-07	8.859044298721863e-03
6.537726876710730e-07	8.859044298776493e-03
6.547492501710730e-07	8.859044298766324e-03
6.557258126710730e-07	8.859044298739949e-03
6.567023751710731e-07	8.859044298758100e-03
6.576789376710731e-07	8.859044298796406e-03
6.586555001710731e-07	8.859044298802689e-03
6.596320626710731e-07	8.859044298783597e-03
6.606086251710732e-07	8.859044298772102e-03
6.615851876710732e-07	8.859044298758421e-03
6.625617501710732e-07	8.859044298759238e-03
6.635383126710732e-07	8.859044298760320e-03
6.645148751710732e-07	8.859044298776375e-03
6.654914376710733e-07	8.859044298801964e-03
6.664680001710733e-07	8.859044298803482e-03
6.674445626710733e-07	8.859044298827825e-03
6.684211251710733e-07	8.859044298826104e-03
6.693976876710734e-07	8.859044298795832e-03
6.703742501710734e-07	8.859044298794479e-03
6.713508126710734e-07	8.859044298830495e-03
6.723273751710734e-07	8.859044298856547e-03
6.733039376710735e-07	8.859044298843441e-03
6.742805001710735e-07	8.859044298826944e-03
6.752570626710735e-07	8.859044298788768e-03
6.762336251710735e-07	8.859044298759482e-03
6.772101876710736e-07	8.859044298793846e-03
6.781867501710736e-07	8.859044298840983e-03
6.791633126710736e-07	8.859044298865113e-03
6.801398751710736e-07	8.859044298875827e-03
6.811164376710737e-07	8.859044298862764e-03
6.820930001710737e-07	8.859044298879085e-03
6.830695626710737e-07	8.859044298903877e-03
6.840461251710737e-07	8.859044298889311e-03
6.850226876710737e-07	8.859044298890260e-03
6.859992501710738e-07	8.859044298886624e-03
6.869758126710738e-07	8.859044298897105e-03
6.879523751710738e-07	8.859044298926358e-03
6.889289376710738e-07	8.859044298910601e-03
6.899055001710739e-07	8.859044298847839e-03
6.908820626710739e-07	8.859044298807439e-03
6.918586251710739e-07	8.859044298794076e-03
6.928351876710739e-07	8.859044298791108e-03
6.938117501710740e-07	8.859044298792116e-03
6.947883126710740e-07	8.859044298771976e-03
6.957648751710740e-07	8.859044298778953e-03
6.967414376710740e-07	8.859044298811874e-03
6.977180001710741e-07	8.859044298826750e-03
6.986945626710741e-07	8.859044298846866e-03
6.996711251710741e-07	8.859044298890699e-03
7.006476876710741e-07	8.859044298928243e-03
7.016242501710741e-07	8.859044298954549e-03
7.026008126710742e-07	8.859044298955577e-03
7.035773751710742e-07	8.859044298944544e-03
7.045539376710742e-07	8.859044298979908e-03
7.055305001710742e-07	8.859044298988997e-03
7.065070626710743e-07	8.859044298941372e-03
7.074836251710743e-07	8.859044298921249e-03
7.084601876710743e-07	8.859044298915202e-03
7.094367501710743e-07	8.859044298874108e-03
7.104133126710744e-07	8.859044298844519e-03
7.113898751710744e-07	8.859044298853891e-03
7.123664376710744e-07	8.859044298866301e-03
7.133430001710744e-07	8.859044298857534e-03
7.143195626710745e-07	8.859044298843195e-03
7.152961251710745e-07	8.859044298838341e-03
7.162726876710745e-07	8.859044298825268e-03
7.172492501710745e-07	8.859044298815994e-03
7.182258126710746e-07	8.859044298804200e-03
7.192023751710746e-07	8.859044298791989e-03
7.201789376710746e-07	8.859044298820734e-03
7.211555001710746e-07	8.859044298826850e-03
7.221320626710746e-07	8.859044298798394e-03
7.231086251710747e-07	8.859044298793837e-03
7.240851876710747e-07	8.859044298813181e-03
7.250617501710747e-07	8.859044298821383e-03
7.260383126710747e-07	8.859044298787986e-03
7.270148751710748e-07	8.859044298767030e-03
7.279914376710748e-07	8.859044298747809e-03
7.289680001710748e-07	8.859044298730882e-03
7.299445626710748e-07	8.859044298760605e-03
7.309211251710749e-07	8.859044298759560e-03
7.318976876710749e-07	8.859044298731586e-03
7.328742501710749e-07	8.859044298746383e-03
7.338508126710749e-07	8.859044298783036e-03
7.348273751710750e-07	8.859044298796904e-03
7.358039376710750e-07	8.859044298799497e-03
7.367805001710750e-07	8.859044298824581e-03
7.377570626710750e-07	8.859044298842933e-03
7.387336251710751e-07	8.859044298809179e-03
7.397101876710751e-07	8.859044298767819e-03
7.406867501710751e-07	8.859044298752033e-03
7.416633126710751e-07	8.859044298774550e-03
7.426398751710751e-07	8.859044298811047e-03
7.436164376710752e-07	8.859044298804571e-03
7.445930001710752e-07	8.859044298778320e-03
7.455695626710752e-07	8.859044298772566e-03
7.465461251710752e-07	8.859044298767398e-03
7.475226876710753e-07	8.859044298754433e-03
7.484992501710753e-07	8.859044298742061e-03
7.494758126710753e-07	8.859044298757690e-03
7.504523751710753e-07	8.859044298802307e-03
7.514289376710754e-07	8.859044298837365e-03
7.524055001710754e-07	8.859044298873530e-03
7.533820626710754e-07	8.859044298917131e-03
7.543586251710754e-07	8.859044298935401e-03
7.553351876710755e-07	8.859044298930167e-03
7.563117501710755e-07	8.859044298927117e-03
7.572883126710755e-07	8.859044298907694e-03
7.582648751710755e-07	8.859044298880814e-03
7.592414376710755e-07	8.859044298867316e-03
7.602180001710756e-07	8.859044298863613e-03
7.611945626710756e-07	8.859044298869618e-03
7.621711251710756e-07	8.859044298860794e-03
7.631476876710756e-07	8.859044298850378e-03
7.641242501710757e-07	8.859044298860591e-03
7.651008126710757e-07	8.859044298838686e-03
7.660773751710757e-07	8.859044298807576e-03
7.670539376710757e-07	8.859044298791315e-03
7.680305001710758e-07	8.859044298789327e-03
7.690070626710758e-07	8.859044298843937e-03
7.699836251710758e-07	8.859044298890388e-03
7.709601876710758e-07	8.859044298906014e-03
7.719367501710759e-07	8.859044298908795e-03
7.729133126710759e-07	8.859044298893400e-03
7.738898751710759e-07	8.859044298881062e-03
7.748664376710759e-07	8.859044298863913e-03
7.758430001710760e-07	8.859044298833229e-03
7.768195626710760e-07	8.859044298836705e-03
7.777961251710760e-07	8.859044298882988e-03
7.787726876710760e-07	8.859044298920149e-03
7.797492501710760e-07	8.859044298927128e-03
7.807258126710761e-07	8.859044298907728e-03
7.817023751710761e-07	8.859044298881629e-03
7.826789376710761e-07	8.859044298882643e-03
7.836555001710761e-07	8.859044298909899e-03
7.846320626710762e-07	8.859044298895009e-03
7.856086251710762e-07	8.859044298840929e-03
7.865851876710762e-07	8.859044298820009e-03
7.875617501710762e-07	8.859044298815698e-03
7.885383126710763e-07	8.859044298791694e-03
7.895148751710763e-07	8.859044298784853e-03
7.904914376710763e-07	8.859044298789759e-03
7.914680001710763e-07	8.859044298790605e-03
7.924445626710764e-07	8.859044298813172e-03
7.934211251710764e-07	8.859044298851372e-03
7.943976876710764e-07	8.859044298883007e-03
7.953742501710764e-07	8.859044298893334e-03
7.963508126710765e-07	8.859044298887857e-03
7.973273751710765e-07	8.859044298870689e-03
7.983039376710765e-07	8.859044298844813e-03
7.992805001710765e-07	8.859044298820005e-03
8.002570626710765e-07	8.859044298809978e-03
8.012336251710766e-07	8.859044298825516e-03
8.022101876710766e-07	8.859044298836292e-03
8.031867501710766e-07	8.859044298813974e-03
8.041633126710766e-07	8.859044298811508e-03
8.051398751710767e-07	8.859044298802049e-03
8.061164376710767e-07	8.859044298814480e-03
8.070930001710767e-07	8.859044298861887e-03
8.080695626710767e-07	8.859044298850493e-03
8.090461251710768e-07	8.859044298809208e-03
8.100226876710768e-07	8.859044298772016e-03
8.109992501710768e-07	8.859044298737672e-03
8.119758126710768e-07	8.859044298709748e-03
8.129523751710769e-07	8.859044298698208e-03
8.139289376710769e-07	8.859044298710947e-03
8.149055001710769e-07	8.859044298739802e-03
8.158820626710769e-07	8.859044298745509e-03
8.168586251710770e-07	8.859044298730467e-03
8.178351876710770e-07	8.859044298733862e-03
8.188117501710770e-07	8.859044298761028e-03
8.197883126710770e-07	8.859044298789068e-03
8.207648751710770e-07	8.859044298784542e-03
8.217414376710771e-07	8.859044298769861e-03
8.227180001710771e-07	8.859044298775294e-03
8.236945626710771e-07	8.859044298825586e-03
8.246711251710771e-07	8.859044298858443e-03
8.256476876710772e-07	8.859044298831779e-03
8.266242501710772e-07	8.859044298836700e-03
8.276008126710772e-07	8.859044298863581e-03
8.285773751710772e-07	8.859044298850200e-03
8.295539376710773e-07	8.859044298844761e-03
8.305305001710773e-07	8.859044298838627e-03
8.315070626710773e-07	8.859044298810053e-03
8.324836251710773e-07	8.859044298812988e-03
8.334601876710774e-07	8.859044298808480e-03
8.344367501710774e-07	8.859044298793197e-03
8.354133126710774e-07	8.859044298789344e-03
8.363898751710774e-07	8.859044298767493e-03
8.373664376710774e-07	8.859044298762601e-03
8.383430001710775e-07	8.859044298789054e-03
8.393195626710775e-07	8.859044298805064e-03
8.402961251710775e-07	8.859044298817198e-03
8.412726876710775e-07	8.859044298830084e-03
8.422492501710776e-07	8.859044298817904e-03
8.432258126710776e-07	8.859044298803380e-03
8.442023751710776e-07	8.859044298810495e-03
8.451789376710776e-07	8.859044298852557e-03
8.461555001710777e-07	8.859044298866995e-03
8.471320626710777e-07	8.859044298813750e-03
8.481086251710777e-07	8.859044298768083e-03
8.490851876710777e-07	8.859044298787064e-03
8.500617501710778e-07	8.859044298851430e-03
8.510383126710778e-07	8.859044298910419e-03
8.520148751710778e-07	8.859044298933623e-03
8.529914376710778e-07	8.859044298926927e-03
8.539680001710779e-07	8.859044298909047e-03
8.549445626710779e-07	8.859044298887713e-03
8.559211251710779e-07	8.859044298880469e-03
8.568976876710779e-07	8.859044298880153e-03
8.578742501710779e-07	8.859044298866869e-03
8.588508126710780e-07	8.859044298822191e-03
8.598273751710780e-07	8.859044298770007e-03
8.608039376710780e-07	8.859044298738721e-03
8.617805001710780e-07	8.859044298706721e-03
8.627570626710781e-07	8.859044298721384e-03
8.637336251710781e-07	8.859044298761777e-03
8.647101876710781e-07	8.859044298748998e-03
8.656867501710781e-07	8.859044298738343e-03
8.666633126710782e-07	8.859044298764593e-03
8.676398751710782e-07	8.859044298759479e-03
8.686164376710782e-07	8.859044298714282e-03
8.695930001710782e-07	8.859044298708575e-03
8.705695626710783e-07	8.859044298737632e-03
8.715461251710783e-07	8.859044298730249e-03
8.725226876710783e-07	8.859044298700351e-03
8.734992501710783e-07	8.859044298705120e-03
8.744758126710784e-07	8.859044298730887e-03
8.754523751710784e-07	8.859044298784965e-03
8.764289376710784e-07	8.859044298851041e-03
8.774055001710784e-07	8.859044298835798e-03
8.783820626710784e-07	8.859044298797216e-03
8.793586251710785e-07	8.859044298801959e-03
8.803351876710785e-07	8.859044298813684e-03
8.813117501710785e-07	8.859044298815229e-03
8.822883126710785e-07	8.859044298834013e-03
8.832648751710786e-07	8.859044298874063e-03
8.842414376710786e-07	8.859044298865866e-03
8.852180001710786e-07	8.859044298810544e-03
8.861945626710786e-07	8.859044298778205e-03
8.871711251710787e-07	8.859044298776044e-03
8.881476876710787e-07	8.859044298763471e-03
8.891242501710787e-07	8.859044298738657e-03
8.901008126710787e-07	8.859044298729793e-03
8.910773751710788e-07	8.859044298739717e-03
8.920539376710788e-07	8.859044298773489e-03
8.930305001710788e-07	8.859044298811019e-03
8.940070626710788e-07	8.859044298808617e-03
8.949836251710788e-07	8.859044298773572e-03
8.959601876710789e-07	8.859044298763821e-03
8.969367501710789e-07	8.859044298774066e-03
8.979133126710789e-07	8.859044298780250e-03
8.988898751710789e-07	8.859044298771082e-03
8.998664376710790e-07	8.859044298766191e-03
9.008430001710790e-07	8.859044298802750e-03
9.018195626710790e-07	8.859044298823013e-03
9.027961251710790e-07	8.859044298795133e-03
9.037726876710791e-07	8.859044298758119e-03
9.047492501710791e-07	8.859044298749912e-03
9.057258126710791e-07	8.859044298766574e-03
9.067023751710791e-07	8.859044298784379e-03
9.076789376710792e-07	8.859044298786286e-03
9.086555001710792e-07	8.859044298773511e-03
9.096320626710792e-07	8.859044298769861e-03
9.106086251710792e-07	8.859044298752242e-03
9.115851876710793e-07	8.859044298751876e-03
9.125617501710793e-07	8.859044298782594e-03
9.135383126710793e-07	8.859044298800930e-03
9.145148751710793e-07	8.859044298827268e-03
9.154914376710793e-07	8.859044298831480e-03
9.164680001710794e-07	8.859044298806186e-03
9.174445626710794e-07	8.859044298816652e-03
9.184211251710794e-07	8.859044298855600e-03
9.193976876710794e-07	8.859044298880649e-03
9.203742501710795e-07	8.859044298883333e-03
9.213508126710795e-07	8.859044298861389e-03
9.223273751710795e-07	8.859044298833501e-03
9.233039376710795e-07	8.859044298817032e-03
9.242805001710796e-07	8.859044298803144e-03
9.252570626710796e-07	8.859044298774493e-03
9.262336251710796e-07	8.859044298748444e-03
9.272101876710796e-07	8.859044298751140e-03
9.281867501710797e-07	8.859044298771169e-03
9.291633126710797e-07	8.859044298793157e-03
9.301398751710797e-07	8.859044298805768e-03
9.311164376710797e-07	8.859044298806018e-03
9.320930001710798e-07	8.859044298808424e-03
9.330695626710798e-07	8.859044298810169e-03
9.340461251710798e-07	8.859044298814780e-03
9.350226876710798e-07	8.859044298839767e-03
9.359992501710798e-07	8.859044298839311e-03
9.369758126710799e-07	8.859044298822448e-03
9.379523751710799e-07	8.859044298836863e-03
9.389289376710799e-07	8.859044298844954e-03
9.399055001710799e-07	8.859044298839968e-03
9.408820626710800e-07	8.859044298848382e-03
9.418586251710800e-07	8.859044298842942e-03
9.428351876710800e-07	8.859044298840961e-03
9.438117501710800e-07	8.859044298840364e-03
9.447883126710801e-07	8.859044298826306e-03
9.457648751710801e-07	8.859044298823551e-03
9.467414376710801e-07	8.859044298832700e-03
9.477180001710801e-07	8.859044298841059e-03
9.486945626710802e-07	8.859044298857676e-03
9.496711251710802e-07	8.859044298860868e-03
9.506476876710802e-07	8.859044298822047e-03
9.516242501710802e-07	8.859044298784634e-03
9.526008126710802e-07	8.859044298789547e-03
9.535773751710803e-07	8.859044298820548e-03
9.545539376710803e-07	8.859044298808079e-03
9.555305001710802e-07	8.859044298781062e-03
9.565070626710801e-07	8.859044298781042e-03
9.574836251710801e-07	8.859044298784749e-03
9.584601876710800e-07	8.859044298803858e-03
9.594367501710799e-07	8.859044298847440e-03
9.604133126710798e-07	8.859044298874449e-03
9.613898751710797e-07	8.859044298872638e-03
9.623664376710796e-07	8.859044298860809e-03
9.633430001710796e-07	8.859044298835442e-03
9.643195626710795e-07	8.859044298811212e-03
9.652961251710794e-07	8.859044298812707e-03
9.662726876710793e-07	8.859044298812669e-03
9.672492501710792e-07	8.859044298795327e-03
9.682258126710791e-07	8.859044298781042e-03
9.692023751710791e-07	8.859044298733259e-03
9.701789376710790e-07	8.859044298712015e-03
9.711555001710789e-07	8.859044298739798e-03
9.721320626710788e-07	8.859044298746691e-03
9.731086251710787e-07	8.859044298750274e-03
9.740851876710787e-07	8.859044298774956e-03
9.750617501710786e-07	8.859044298771917e-03
9.760383126710785e-07	8.859044298757578e-03
9.770148751710784e-07	8.859044298766900e-03
9.779914376710783e-07	8.859044298786881e-03
9.789680001710782e-07	8.859044298830724e-03
9.799445626710782e-07	8.859044298821164e-03
9.809211251710781e-07	8.859044298772146e-03
9.818976876710780e-07	8.859044298743771e-03
9.828742501710779e-07	8.859044298730899e-03
9.838508126710778e-07	8.859044298731971e-03
9.848273751710778e-07	8.859044298733486e-03
9.858039376710777e-07	8.859044298711349e-03
9.867805001710776e-07	8.859044298679314e-03
9.877570626710775e-07	8.859044298698798e-03
9.887336251710774e-07	8.859044298723164e-03
9.897101876710773e-07	8.859044298740968e-03
9.906867501710773e-07	8.859044298759465e-03
9.916633126710772e-07	8.859044298757657e-03
9.926398751710771e-07	8.859044298742135e-03
9.936164376710770e-07	8.859044298724483e-03
9.945930001710769e-07	8.859044298707559e-03
9.955695626710768e-07	8.859044298690713e-03
9.965461251710768e-07	8.859044298723159e-03
9.975226876710767e-07	8.859044298770501e-03
9.984992501710766e-07	8.859044298773730e-03
9.994758126710765e-07	8.859044298773480e-03
1.000000000000000e-06	8.859044298769443e-03
