time	sum_h_out_002_001
0.000000000000000e+000	-2.000000000000000e+000
1.953124890551744e-013	-1.999999960937502e+000
3.906249781103488e-013	-1.999999921875004e+000
7.812499562206976e-013	-1.999999843750009e+000
1.562499912441395e-012	-1.999999687500017e+000
3.124999824882790e-012	-1.999999375000035e+000
6.249999649765581e-012	-1.999998750000070e+000
1.249999929953116e-011	-1.999997500000140e+000
2.499999859906232e-011	-1.999995000000280e+000
4.999999719812465e-011	-1.999990000000560e+000
9.999999439624929e-011	-1.999980000001121e+000
1.999999887924986e-010	-1.999960000002242e+000
3.999999775849972e-010	-1.999920000004483e+000
7.999999551699943e-010	-1.999840000008966e+000
1.599999910339989e-009	-1.999680000017932e+000
3.199999820679977e-009	-1.999360000035864e+000
6.399999641359955e-009	-1.998720000071728e+000
1.279999928271991e-008	-1.997440000143456e+000
2.559999856543982e-008	-1.994880000286912e+000
4.513124856543982e-008	-1.990973750286912e+000
6.466249856543982e-008	-1.987067500286912e+000
8.419374856543981e-008	-1.983161250286912e+000
1.037249985654398e-007	-1.979255000286912e+000
1.232562485654398e-007	-1.975348750286912e+000
1.427874985654398e-007	-1.971442500286912e+000
1.623187485654398e-007	-1.967536250286912e+000
1.818499985654398e-007	-1.963630000286912e+000
2.013812485654398e-007	-1.959723750286912e+000
2.209124985654398e-007	-1.955817500286912e+000
2.404437485654398e-007	-1.951911250286912e+000
2.599749985654398e-007	-1.948005000286912e+000
2.795062485654398e-007	-1.944098750286912e+000
2.990374985654398e-007	-1.940192500286912e+000
3.185687485654398e-007	-1.936286250286912e+000
3.380999985654398e-007	-1.932380000286912e+000
3.576312485654398e-007	-1.928473750286912e+000
3.771624985654398e-007	-1.924567500286912e+000
3.966937485654398e-007	-1.920661250286912e+000
4.162249985654398e-007	-1.916755000286912e+000
4.357562485654398e-007	-1.912848750286912e+000
4.552874985654398e-007	-1.908942500286912e+000
4.748187485654398e-007	-1.905036250286912e+000
4.943499985654398e-007	-1.901130000286912e+000
5.138812485654398e-007	-1.897223750286912e+000
5.334124985654399e-007	-1.893317500286912e+000
5.529437485654399e-007	-1.889411250286912e+000
5.724749985654400e-007	-1.885505000286912e+000
5.920062485654400e-007	-1.881598750286912e+000
6.115374985654401e-007	-1.877692500286912e+000
6.310687485654401e-007	-1.873786250286912e+000
6.505999985654402e-007	-1.869880000286912e+000
6.701312485654402e-007	-1.865973750286912e+000
6.896624985654403e-007	-1.862067500286912e+000
7.091937485654403e-007	-1.858161250286912e+000
7.287249985654404e-007	-1.854255000286912e+000
7.482562485654404e-007	-1.850348750286912e+000
7.677874985654405e-007	-1.846442500286912e+000
7.873187485654406e-007	-1.842536250286912e+000
8.068499985654406e-007	-1.838630000286912e+000
8.263812485654407e-007	-1.834723750286912e+000
8.459124985654407e-007	-1.830817500286912e+000
8.654437485654408e-007	-1.826911250286912e+000
8.849749985654408e-007	-1.823005000286912e+000
9.045062485654409e-007	-1.819098750286912e+000
9.240374985654409e-007	-1.815192500286912e+000
9.435687485654410e-007	-1.811286250286912e+000
9.630999985654410e-007	-1.807380000286912e+000
9.826312485654411e-007	-1.803473750286912e+000
1.002162498565441e-006	-1.799567500286912e+000
1.021693748565441e-006	-1.795661250286912e+000
1.041224998565441e-006	-1.791755000286912e+000
1.060756248565441e-006	-1.787848750286912e+000
1.080287498565441e-006	-1.783942500286912e+000
1.099818748565441e-006	-1.780036250286912e+000
1.119349998565441e-006	-1.776130000286912e+000
1.138881248565442e-006	-1.772223750286912e+000
1.158412498565442e-006	-1.768317500286912e+000
1.177943748565442e-006	-1.764411250286912e+000
1.197474998565442e-006	-1.760505000286912e+000
1.217006248565442e-006	-1.756598750286912e+000
1.236537498565442e-006	-1.752692500286912e+000
1.256068748565442e-006	-1.748786250286912e+000
1.275599998565442e-006	-1.744880000286912e+000
1.295131248565442e-006	-1.740973750286912e+000
1.314662498565442e-006	-1.737067500286912e+000
1.334193748565442e-006	-1.733161250286912e+000
1.353724998565442e-006	-1.729255000286912e+000
1.373256248565442e-006	-1.725348750286912e+000
1.392787498565442e-006	-1.721442500286912e+000
1.412318748565442e-006	-1.717536250286912e+000
1.431849998565442e-006	-1.713630000286912e+000
1.451381248565442e-006	-1.709723750286912e+000
1.470912498565442e-006	-1.705817500286912e+000
1.490443748565442e-006	-1.701911250286912e+000
1.509974998565442e-006	-1.698005000286912e+000
1.529506248565443e-006	-1.694098750286912e+000
1.549037498565443e-006	-1.690192500286912e+000
1.568568748565443e-006	-1.686286250286912e+000
1.588099998565443e-006	-1.682380000286912e+000
1.607631248565443e-006	-1.678473750286912e+000
1.627162498565443e-006	-1.674567500286912e+000
1.646693748565443e-006	-1.670661250286912e+000
1.666224998565443e-006	-1.666755000286912e+000
1.685756248565443e-006	-1.662848750286911e+000
1.705287498565443e-006	-1.658942500286911e+000
1.724818748565443e-006	-1.655036250286911e+000
1.744349998565443e-006	-1.651130000286911e+000
1.763881248565443e-006	-1.647223750286911e+000
1.783412498565443e-006	-1.643317500286911e+000
1.802943748565443e-006	-1.639411250286911e+000
1.822474998565443e-006	-1.635505000286911e+000
1.842006248565443e-006	-1.631598750286911e+000
1.861537498565443e-006	-1.627692500286911e+000
1.881068748565443e-006	-1.623786250286911e+000
1.900599998565444e-006	-1.619880000286911e+000
1.920131248565444e-006	-1.615973750286911e+000
1.939662498565444e-006	-1.612067500286911e+000
1.959193748565444e-006	-1.608161250286911e+000
1.978724998565444e-006	-1.604255000286911e+000
1.998256248565444e-006	-1.600348750286911e+000
2.017787498565444e-006	-1.596442500286911e+000
2.037318748565444e-006	-1.592536250286911e+000
2.056849998565444e-006	-1.588630000286911e+000
2.076381248565444e-006	-1.584723750286911e+000
2.095912498565444e-006	-1.580817500286911e+000
2.115443748565444e-006	-1.576911250286911e+000
2.134974998565444e-006	-1.573005000286911e+000
2.154506248565444e-006	-1.569098750286911e+000
2.174037498565444e-006	-1.565192500286911e+000
2.193568748565444e-006	-1.561286250286911e+000
2.213099998565444e-006	-1.557380000286911e+000
2.232631248565444e-006	-1.553473750286911e+000
2.252162498565444e-006	-1.549567500286911e+000
2.271693748565444e-006	-1.545661250286911e+000
2.291224998565445e-006	-1.541755000286911e+000
2.310756248565445e-006	-1.537848750286911e+000
2.330287498565445e-006	-1.533942500286911e+000
2.349818748565445e-006	-1.530036250286911e+000
2.369349998565445e-006	-1.526130000286911e+000
2.388881248565445e-006	-1.522223750286911e+000
2.408412498565445e-006	-1.518317500286911e+000
2.427943748565445e-006	-1.514411250286911e+000
2.447474998565445e-006	-1.510505000286911e+000
2.467006248565445e-006	-1.506598750286911e+000
2.486537498565445e-006	-1.502692500286911e+000
2.506068748565445e-006	-1.498786250286911e+000
2.525599998565445e-006	-1.494880000286911e+000
2.545131248565445e-006	-1.490973750286911e+000
2.564662498565445e-006	-1.487067500286911e+000
2.584193748565445e-006	-1.483161250286911e+000
2.603724998565445e-006	-1.479255000286911e+000
2.623256248565445e-006	-1.475348750286911e+000
2.642787498565445e-006	-1.471442500286911e+000
2.662318748565446e-006	-1.467536250286911e+000
2.681849998565446e-006	-1.463630000286911e+000
2.701381248565446e-006	-1.459723750286911e+000
2.720912498565446e-006	-1.455817500286911e+000
2.740443748565446e-006	-1.451911250286911e+000
2.759974998565446e-006	-1.448005000286911e+000
2.779506248565446e-006	-1.444098750286911e+000
2.799037498565446e-006	-1.440192500286911e+000
2.818568748565446e-006	-1.436286250286911e+000
2.838099998565446e-006	-1.432380000286911e+000
2.857631248565446e-006	-1.428473750286911e+000
2.877162498565446e-006	-1.424567500286911e+000
2.896693748565446e-006	-1.420661250286911e+000
2.916224998565446e-006	-1.416755000286911e+000
2.935756248565446e-006	-1.412848750286911e+000
2.955287498565446e-006	-1.408942500286911e+000
2.974818748565446e-006	-1.405036250286911e+000
2.994349998565446e-006	-1.401130000286911e+000
3.013881248565446e-006	-1.397223750286911e+000
3.033412498565446e-006	-1.393317500286911e+000
3.052943748565447e-006	-1.389411250286911e+000
3.072474998565447e-006	-1.385505000286911e+000
3.092006248565447e-006	-1.381598750286911e+000
3.111537498565447e-006	-1.377692500286911e+000
3.131068748565447e-006	-1.373786250286911e+000
3.150599998565447e-006	-1.369880000286911e+000
3.170131248565447e-006	-1.365973750286911e+000
3.189662498565447e-006	-1.362067500286911e+000
3.209193748565447e-006	-1.358161250286911e+000
3.228724998565447e-006	-1.354255000286911e+000
3.248256248565447e-006	-1.350348750286911e+000
3.267787498565447e-006	-1.346442500286911e+000
3.287318748565447e-006	-1.342536250286911e+000
3.306849998565447e-006	-1.338630000286911e+000
3.326381248565447e-006	-1.334723750286911e+000
3.345912498565447e-006	-1.330817500286911e+000
3.365443748565447e-006	-1.326911250286911e+000
3.384974998565447e-006	-1.323005000286911e+000
3.404506248565447e-006	-1.319098750286911e+000
3.424037498565448e-006	-1.315192500286911e+000
3.443568748565448e-006	-1.311286250286911e+000
3.463099998565448e-006	-1.307380000286911e+000
3.482631248565448e-006	-1.303473750286911e+000
3.502162498565448e-006	-1.299567500286911e+000
3.521693748565448e-006	-1.295661250286911e+000
3.541224998565448e-006	-1.291755000286911e+000
3.560756248565448e-006	-1.287848750286911e+000
3.580287498565448e-006	-1.283942500286911e+000
3.599818748565448e-006	-1.280036250286911e+000
3.619349998565448e-006	-1.276130000286911e+000
3.638881248565448e-006	-1.272223750286911e+000
3.658412498565448e-006	-1.268317500286911e+000
3.677943748565448e-006	-1.264411250286911e+000
3.697474998565448e-006	-1.260505000286910e+000
3.717006248565448e-006	-1.256598750286910e+000
3.736537498565448e-006	-1.252692500286910e+000
3.756068748565448e-006	-1.248786250286910e+000
3.775599998565448e-006	-1.244880000286910e+000
3.795131248565448e-006	-1.240973750286910e+000
3.814662498565449e-006	-1.237067500286910e+000
3.834193748565448e-006	-1.233161250286911e+000
3.853724998565448e-006	-1.229255000286911e+000
3.873256248565448e-006	-1.225348750286910e+000
3.892787498565448e-006	-1.221442500286910e+000
3.912318748565448e-006	-1.217536250286910e+000
3.931849998565448e-006	-1.213630000286910e+000
3.951381248565448e-006	-1.209723750286910e+000
3.970912498565449e-006	-1.205817500286910e+000
3.990443748565449e-006	-1.201911250286910e+000
4.009974998565449e-006	-1.198005000286910e+000
4.029506248565449e-006	-1.194098750286910e+000
4.049037498565449e-006	-1.190192500286910e+000
4.068568748565449e-006	-1.186286250286910e+000
4.088099998565449e-006	-1.182380000286910e+000
4.107631248565449e-006	-1.178473750286910e+000
4.127162498565449e-006	-1.174567500286910e+000
4.146693748565449e-006	-1.170661250286910e+000
4.166224998565449e-006	-1.166755000286910e+000
4.185756248565449e-006	-1.162848750286910e+000
4.205287498565449e-006	-1.158942500286910e+000
4.224818748565449e-006	-1.155036250286910e+000
4.244349998565449e-006	-1.151130000286910e+000
4.263881248565449e-006	-1.147223750286910e+000
4.283412498565449e-006	-1.143317500286910e+000
4.302943748565449e-006	-1.139411250286910e+000
4.322474998565449e-006	-1.135505000286910e+000
4.342006248565449e-006	-1.131598750286910e+000
4.361537498565450e-006	-1.127692500286910e+000
4.381068748565450e-006	-1.123786250286910e+000
4.400599998565450e-006	-1.119880000286910e+000
4.420131248565450e-006	-1.115973750286910e+000
4.439662498565450e-006	-1.112067500286910e+000
4.459193748565450e-006	-1.108161250286910e+000
4.478724998565450e-006	-1.104255000286910e+000
4.498256248565450e-006	-1.100348750286910e+000
4.517787498565450e-006	-1.096442500286910e+000
4.537318748565450e-006	-1.092536250286910e+000
4.556849998565450e-006	-1.088630000286910e+000
4.576381248565450e-006	-1.084723750286910e+000
4.595912498565450e-006	-1.080817500286910e+000
4.615443748565450e-006	-1.076911250286910e+000
4.634974998565450e-006	-1.073005000286910e+000
4.654506248565450e-006	-1.069098750286910e+000
4.674037498565450e-006	-1.065192500286910e+000
4.693568748565450e-006	-1.061286250286910e+000
4.713099998565450e-006	-1.057380000286910e+000
4.732631248565451e-006	-1.053473750286910e+000
4.752162498565451e-006	-1.049567500286910e+000
4.771693748565451e-006	-1.045661250286910e+000
4.791224998565451e-006	-1.041755000286910e+000
4.810756248565451e-006	-1.037848750286910e+000
4.830287498565451e-006	-1.033942500286910e+000
4.849818748565451e-006	-1.030036250286910e+000
4.869349998565451e-006	-1.026130000286910e+000
4.888881248565451e-006	-1.022223750286910e+000
4.908412498565451e-006	-1.018317500286910e+000
4.927943748565451e-006	-1.014411250286910e+000
4.947474998565451e-006	-1.010505000286910e+000
4.967006248565451e-006	-1.006598750286910e+000
4.986537498565451e-006	-1.002692500286910e+000
5.006068748565451e-006	-9.987862502869098e-001
5.025599998565451e-006	-9.948800002869098e-001
5.045131248565451e-006	-9.909737502869098e-001
5.064662498565451e-006	-9.870675002869098e-001
5.084193748565451e-006	-9.831612502869098e-001
5.103724998565451e-006	-9.792550002869098e-001
5.123256248565452e-006	-9.753487502869098e-001
5.142787498565452e-006	-9.714425002869098e-001
5.162318748565452e-006	-9.675362502869098e-001
5.181849998565452e-006	-9.636300002869098e-001
5.201381248565452e-006	-9.597237502869098e-001
5.220912498565452e-006	-9.558175002869098e-001
5.240443748565452e-006	-9.519112502869098e-001
5.259974998565452e-006	-9.480050002869098e-001
5.279506248565452e-006	-9.440987502869098e-001
5.299037498565452e-006	-9.401925002869096e-001
5.318568748565452e-006	-9.362862502869096e-001
5.338099998565452e-006	-9.323800002869096e-001
5.357631248565452e-006	-9.284737502869096e-001
5.377162498565452e-006	-9.245675002869096e-001
5.396693748565452e-006	-9.206612502869096e-001
5.416224998565452e-006	-9.167550002869096e-001
5.435756248565452e-006	-9.128487502869096e-001
5.455287498565452e-006	-9.089425002869096e-001
5.474818748565452e-006	-9.050362502869096e-001
5.494349998565453e-006	-9.011300002869096e-001
5.513881248565453e-006	-8.972237502869096e-001
5.533412498565453e-006	-8.933175002869096e-001
5.552943748565453e-006	-8.894112502869096e-001
5.572474998565453e-006	-8.855050002869096e-001
5.592006248565453e-006	-8.815987502869096e-001
5.611537498565453e-006	-8.776925002869096e-001
5.631068748565453e-006	-8.737862502869096e-001
5.650599998565453e-006	-8.698800002869096e-001
5.670131248565453e-006	-8.659737502869096e-001
5.689662498565453e-006	-8.620675002869096e-001
5.709193748565453e-006	-8.581612502869096e-001
5.728724998565453e-006	-8.542550002869094e-001
5.748256248565453e-006	-8.503487502869094e-001
5.767787498565453e-006	-8.464425002869094e-001
5.787318748565453e-006	-8.425362502869094e-001
5.806849998565453e-006	-8.386300002869094e-001
5.826381248565453e-006	-8.347237502869094e-001
5.845912498565453e-006	-8.308175002869094e-001
5.865443748565453e-006	-8.269112502869094e-001
5.884974998565454e-006	-8.230050002869094e-001
5.904506248565454e-006	-8.190987502869094e-001
5.924037498565454e-006	-8.151925002869094e-001
5.943568748565454e-006	-8.112862502869094e-001
5.963099998565454e-006	-8.073800002869094e-001
5.982631248565454e-006	-8.034737502869094e-001
6.002162498565454e-006	-7.995675002869094e-001
6.021693748565454e-006	-7.956612502869094e-001
6.041224998565454e-006	-7.917550002869094e-001
6.060756248565454e-006	-7.878487502869094e-001
6.080287498565454e-006	-7.839425002869094e-001
6.099818748565454e-006	-7.800362502869094e-001
6.119349998565454e-006	-7.761300002869094e-001
6.138881248565454e-006	-7.722237502869094e-001
6.158412498565454e-006	-7.683175002869092e-001
6.177943748565454e-006	-7.644112502869092e-001
6.197474998565454e-006	-7.605050002869092e-001
6.217006248565454e-006	-7.565987502869092e-001
6.236537498565454e-006	-7.526925002869092e-001
6.256068748565455e-006	-7.487862502869092e-001
6.275599998565455e-006	-7.448800002869092e-001
6.295131248565455e-006	-7.409737502869092e-001
6.314662498565455e-006	-7.370675002869092e-001
6.334193748565455e-006	-7.331612502869092e-001
6.353724998565455e-006	-7.292550002869092e-001
6.373256248565455e-006	-7.253487502869092e-001
6.392787498565455e-006	-7.214425002869092e-001
6.412318748565455e-006	-7.175362502869092e-001
6.431849998565455e-006	-7.136300002869092e-001
6.451381248565455e-006	-7.097237502869092e-001
6.470912498565455e-006	-7.058175002869092e-001
6.490443748565455e-006	-7.019112502869092e-001
6.509974998565455e-006	-6.980050002869092e-001
6.529506248565455e-006	-6.940987502869092e-001
6.549037498565455e-006	-6.901925002869092e-001
6.568568748565455e-006	-6.862862502869092e-001
6.588099998565455e-006	-6.823800002869092e-001
6.607631248565455e-006	-6.784737502869089e-001
6.627162498565455e-006	-6.745675002869089e-001
6.646693748565456e-006	-6.706612502869089e-001
6.666224998565456e-006	-6.667550002869089e-001
6.685756248565456e-006	-6.628487502869089e-001
6.705287498565456e-006	-6.589425002869089e-001
6.724818748565456e-006	-6.550362502869089e-001
6.744349998565456e-006	-6.511300002869089e-001
6.763881248565456e-006	-6.472237502869089e-001
6.783412498565456e-006	-6.433175002869089e-001
6.802943748565456e-006	-6.394112502869089e-001
6.822474998565456e-006	-6.355050002869089e-001
6.842006248565456e-006	-6.315987502869089e-001
6.861537498565456e-006	-6.276925002869089e-001
6.881068748565456e-006	-6.237862502869089e-001
6.900599998565456e-006	-6.198800002869089e-001
6.920131248565456e-006	-6.159737502869089e-001
6.939662498565456e-006	-6.120675002869089e-001
6.959193748565456e-006	-6.081612502869089e-001
6.978724998565456e-006	-6.042550002869089e-001
6.998256248565456e-006	-6.003487502869089e-001
7.017787498565457e-006	-5.964425002869089e-001
7.037318748565457e-006	-5.925362502869087e-001
7.056849998565457e-006	-5.886300002869087e-001
7.076381248565457e-006	-5.847237502869087e-001
7.095912498565457e-006	-5.808175002869087e-001
7.115443748565457e-006	-5.769112502869087e-001
7.134974998565457e-006	-5.730050002869087e-001
7.154506248565457e-006	-5.690987502869087e-001
7.174037498565457e-006	-5.651925002869087e-001
7.193568748565457e-006	-5.612862502869087e-001
7.213099998565457e-006	-5.573800002869087e-001
7.232631248565457e-006	-5.534737502869087e-001
7.252162498565457e-006	-5.495675002869087e-001
7.271693748565457e-006	-5.456612502869087e-001
7.291224998565457e-006	-5.417550002869087e-001
7.310756248565457e-006	-5.378487502869087e-001
7.330287498565457e-006	-5.339425002869087e-001
7.349818748565457e-006	-5.300362502869087e-001
7.369349998565457e-006	-5.261300002869087e-001
7.388881248565457e-006	-5.222237502869087e-001
7.408412498565458e-006	-5.183175002869087e-001
7.427943748565458e-006	-5.144112502869087e-001
7.447474998565458e-006	-5.105050002869087e-001
7.467006248565458e-006	-5.065987502869085e-001
7.486537498565458e-006	-5.026925002869085e-001
7.506068748565458e-006	-4.987862502869085e-001
7.525599998565458e-006	-4.948800002869085e-001
7.545131248565458e-006	-4.909737502869085e-001
7.564662498565458e-006	-4.870675002869085e-001
7.584193748565458e-006	-4.831612502869085e-001
7.603724998565458e-006	-4.792550002869085e-001
7.623256248565458e-006	-4.753487502869085e-001
7.642787498565458e-006	-4.714425002869085e-001
7.662318748565457e-006	-4.675362502869087e-001
7.681849998565457e-006	-4.636300002869089e-001
7.701381248565456e-006	-4.597237502869089e-001
7.720912498565455e-006	-4.558175002869092e-001
7.740443748565454e-006	-4.519112502869094e-001
7.759974998565453e-006	-4.480050002869094e-001
7.779506248565453e-006	-4.440987502869096e-001
7.799037498565452e-006	-4.401925002869098e-001
7.818568748565451e-006	-4.362862502869100e-001
7.838099998565450e-006	-4.323800002869100e-001
7.857631248565449e-006	-4.284737502869103e-001
7.877162498565449e-006	-4.245675002869105e-001
7.896693748565448e-006	-4.206612502869105e-001
7.916224998565447e-006	-4.167550002869107e-001
7.935756248565446e-006	-4.128487502869109e-001
7.955287498565445e-006	-4.089425002869112e-001
7.974818748565445e-006	-4.050362502869112e-001
7.994349998565444e-006	-4.011300002869114e-001
8.013881248565443e-006	-3.972237502869116e-001
8.033412498565442e-006	-3.933175002869116e-001
8.052943748565441e-006	-3.894112502869118e-001
8.072474998565441e-006	-3.855050002869120e-001
8.092006248565440e-006	-3.815987502869123e-001
8.111537498565439e-006	-3.776925002869123e-001
8.131068748565438e-006	-3.737862502869125e-001
8.150599998565437e-006	-3.698800002869127e-001
8.170131248565437e-006	-3.659737502869127e-001
8.189662498565436e-006	-3.620675002869129e-001
8.209193748565435e-006	-3.581612502869132e-001
8.228724998565434e-006	-3.542550002869134e-001
8.248256248565433e-006	-3.503487502869134e-001
8.267787498565433e-006	-3.464425002869136e-001
8.287318748565432e-006	-3.425362502869138e-001
8.306849998565431e-006	-3.386300002869140e-001
8.326381248565430e-006	-3.347237502869140e-001
8.345912498565430e-006	-3.308175002869143e-001
8.365443748565429e-006	-3.269112502869145e-001
8.384974998565428e-006	-3.230050002869145e-001
8.404506248565427e-006	-3.190987502869147e-001
8.424037498565426e-006	-3.151925002869149e-001
8.443568748565426e-006	-3.112862502869151e-001
8.463099998565425e-006	-3.073800002869151e-001
8.482631248565424e-006	-3.034737502869154e-001
8.502162498565423e-006	-2.995675002869156e-001
8.521693748565422e-006	-2.956612502869156e-001
8.541224998565422e-006	-2.917550002869158e-001
8.560756248565421e-006	-2.878487502869160e-001
8.580287498565420e-006	-2.839425002869163e-001
8.599818748565419e-006	-2.800362502869163e-001
8.619349998565418e-006	-2.761300002869165e-001
8.638881248565418e-006	-2.722237502869167e-001
8.658412498565417e-006	-2.683175002869167e-001
8.677943748565416e-006	-2.644112502869169e-001
8.697474998565415e-006	-2.605050002869171e-001
8.717006248565414e-006	-2.565987502869174e-001
8.736537498565414e-006	-2.526925002869174e-001
8.756068748565413e-006	-2.487862502869176e-001
8.775599998565412e-006	-2.448800002869178e-001
8.795131248565411e-006	-2.409737502869178e-001
8.814662498565410e-006	-2.370675002869180e-001
8.834193748565410e-006	-2.331612502869183e-001
8.853724998565409e-006	-2.292550002869185e-001
8.873256248565408e-006	-2.253487502869185e-001
8.892787498565407e-006	-2.214425002869187e-001
8.912318748565406e-006	-2.175362502869189e-001
8.931849998565406e-006	-2.136300002869189e-001
8.951381248565405e-006	-2.097237502869191e-001
8.970912498565404e-006	-2.058175002869194e-001
8.990443748565403e-006	-2.019112502869196e-001
9.009974998565402e-006	-1.980050002869196e-001
9.029506248565402e-006	-1.940987502869198e-001
9.049037498565401e-006	-1.901925002869200e-001
9.068568748565400e-006	-1.862862502869203e-001
9.088099998565399e-006	-1.823800002869203e-001
9.107631248565398e-006	-1.784737502869205e-001
9.127162498565398e-006	-1.745675002869207e-001
9.146693748565397e-006	-1.706612502869207e-001
9.166224998565396e-006	-1.667550002869209e-001
9.185756248565395e-006	-1.628487502869211e-001
9.205287498565394e-006	-1.589425002869214e-001
9.224818748565394e-006	-1.550362502869214e-001
9.244349998565393e-006	-1.511300002869216e-001
9.263881248565392e-006	-1.472237502869218e-001
9.283412498565391e-006	-1.433175002869218e-001
9.302943748565391e-006	-1.394112502869220e-001
9.322474998565390e-006	-1.355050002869223e-001
9.342006248565389e-006	-1.315987502869225e-001
9.361537498565388e-006	-1.276925002869225e-001
9.381068748565387e-006	-1.237862502869227e-001
9.400599998565387e-006	-1.198800002869229e-001
9.420131248565386e-006	-1.159737502869229e-001
9.439662498565385e-006	-1.120675002869231e-001
9.459193748565384e-006	-1.081612502869234e-001
9.478724998565383e-006	-1.042550002869236e-001
9.498256248565383e-006	-1.003487502869236e-001
9.517787498565382e-006	-9.644250028692381e-002
9.537318748565381e-006	-9.253625028692403e-002
9.556849998565380e-006	-8.863000028692403e-002
9.576381248565379e-006	-8.472375028692425e-002
9.595912498565379e-006	-8.081750028692447e-002
9.615443748565378e-006	-7.691125028692469e-002
9.634974998565377e-006	-7.300500028692469e-002
9.654506248565376e-006	-6.909875028692492e-002
9.674037498565375e-006	-6.519250028692514e-002
9.693568748565375e-006	-6.128625028692536e-002
9.713099998565374e-006	-5.738000028692536e-002
9.732631248565373e-006	-5.347375028692558e-002
9.752162498565372e-006	-4.956750028692580e-002
9.771693748565371e-006	-4.566125028692580e-002
9.791224998565371e-006	-4.175500028692603e-002
9.810756248565370e-006	-3.784875028692625e-002
9.830287498565369e-006	-3.394250028692647e-002
9.849818748565368e-006	-3.003625028692647e-002
9.869349998565367e-006	-2.613000028692669e-002
9.888881248565367e-006	-2.222375028692691e-002
9.908412498565366e-006	-1.831750028692691e-002
9.927943748565365e-006	-1.441125028692714e-002
9.947474998565364e-006	-1.050500028692736e-002
9.967006248565363e-006	-6.598750286927579e-003
9.986537498565363e-006	-2.692500286927579e-003
1.000606874856536e-005	1.213749713072421e-003
1.002559999856536e-005	5.119999713071977e-003
1.004513124856536e-005	9.026249713071977e-003
1.006466249856536e-005	1.293249971307153e-002
1.008419374856536e-005	1.683874971307153e-002
1.010372499856536e-005	2.074499971307153e-002
1.012325624856536e-005	2.465124971307109e-002
1.014278749856536e-005	2.855749971307109e-002
1.016231874856536e-005	3.246374971307109e-002
1.018184999856536e-005	3.636999971307064e-002
1.020138124856535e-005	4.027624971307064e-002
1.022091249856535e-005	4.418249971307064e-002
1.024044374856535e-005	4.808874971307020e-002
1.025997499856535e-005	5.199499971307020e-002
1.027950624856535e-005	5.590124971306976e-002
1.029903749856535e-005	5.980749971306976e-002
1.031856874856535e-005	6.371374971306976e-002
1.033809999856535e-005	6.761999971306931e-002
1.035763124856535e-005	7.152624971306931e-002
1.037716249856535e-005	7.543249971306931e-002
1.039669374856535e-005	7.933874971306887e-002
1.041622499856535e-005	8.324499971306887e-002
1.043575624856534e-005	8.715124971306887e-002
1.045528749856534e-005	9.105749971306842e-002
1.047481874856534e-005	9.496374971306842e-002
1.049434999856534e-005	9.886999971306842e-002
1.051388124856534e-005	1.027762497130680e-001
1.053341249856534e-005	1.066824997130680e-001
1.055294374856534e-005	1.105887497130675e-001
1.057247499856534e-005	1.144949997130675e-001
1.059200624856534e-005	1.184012497130675e-001
1.061153749856534e-005	1.223074997130671e-001
1.063106874856534e-005	1.262137497130671e-001
1.065059999856534e-005	1.301199997130671e-001
1.067013124856534e-005	1.340262497130667e-001
1.068966249856533e-005	1.379324997130667e-001
1.070919374856533e-005	1.418387497130667e-001
1.072872499856533e-005	1.457449997130662e-001
1.074825624856533e-005	1.496512497130662e-001
1.076778749856533e-005	1.535574997130658e-001
1.078731874856533e-005	1.574637497130658e-001
1.080684999856533e-005	1.613699997130658e-001
1.082638124856533e-005	1.652762497130653e-001
1.084591249856533e-005	1.691824997130653e-001
1.086544374856533e-005	1.730887497130653e-001
1.088497499856533e-005	1.769949997130649e-001
1.090450624856533e-005	1.809012497130649e-001
1.092403749856532e-005	1.848074997130649e-001
1.094356874856532e-005	1.887137497130644e-001
1.096309999856532e-005	1.926199997130644e-001
1.098263124856532e-005	1.965262497130644e-001
1.100216249856532e-005	2.004324997130640e-001
1.102169374856532e-005	2.043387497130640e-001
1.104122499856532e-005	2.082449997130635e-001
1.106075624856532e-005	2.121512497130635e-001
1.108028749856532e-005	2.160574997130635e-001
1.109981874856532e-005	2.199637497130631e-001
1.111934999856532e-005	2.238699997130631e-001
1.113888124856532e-005	2.277762497130631e-001
1.115841249856532e-005	2.316824997130627e-001
1.117794374856531e-005	2.355887497130627e-001
1.119747499856531e-005	2.394949997130627e-001
1.121700624856531e-005	2.434012497130622e-001
1.123653749856531e-005	2.473074997130622e-001
1.125606874856531e-005	2.512137497130622e-001
1.127559999856531e-005	2.551199997130618e-001
1.129513124856531e-005	2.590262497130618e-001
1.131466249856531e-005	2.629324997130613e-001
1.133419374856531e-005	2.668387497130613e-001
1.135372499856531e-005	2.707449997130613e-001
1.137325624856531e-005	2.746512497130609e-001
1.139278749856531e-005	2.785574997130609e-001
1.141231874856531e-005	2.824637497130609e-001
1.143184999856530e-005	2.863699997130604e-001
1.145138124856530e-005	2.902762497130604e-001
1.147091249856530e-005	2.941824997130604e-001
1.149044374856530e-005	2.980887497130600e-001
1.150997499856530e-005	3.019949997130600e-001
1.152950624856530e-005	3.059012497130595e-001
1.154903749856530e-005	3.098074997130595e-001
1.156856874856530e-005	3.137137497130595e-001
1.158809999856530e-005	3.176199997130591e-001
1.160763124856530e-005	3.215262497130591e-001
1.162716249856530e-005	3.254324997130591e-001
1.164669374856530e-005	3.293387497130587e-001
1.166622499856529e-005	3.332449997130587e-001
1.168575624856529e-005	3.371512497130587e-001
1.170528749856529e-005	3.410574997130582e-001
1.172481874856529e-005	3.449637497130582e-001
1.174434999856529e-005	3.488699997130582e-001
1.176388124856529e-005	3.527762497130578e-001
1.178341249856529e-005	3.566824997130578e-001
1.180294374856529e-005	3.605887497130573e-001
1.182247499856529e-005	3.644949997130573e-001
1.184200624856529e-005	3.684012497130573e-001
1.186153749856529e-005	3.723074997130569e-001
1.188106874856529e-005	3.762137497130569e-001
1.190059999856529e-005	3.801199997130569e-001
1.192013124856528e-005	3.840262497130564e-001
1.193966249856528e-005	3.879324997130564e-001
1.195919374856528e-005	3.918387497130564e-001
1.197872499856528e-005	3.957449997130560e-001
1.199825624856528e-005	3.996512497130560e-001
1.201778749856528e-005	4.035574997130560e-001
1.203731874856528e-005	4.074637497130556e-001
1.205684999856528e-005	4.113699997130556e-001
1.207638124856528e-005	4.152762497130551e-001
1.209591249856528e-005	4.191824997130551e-001
1.211544374856528e-005	4.230887497130551e-001
1.213497499856528e-005	4.269949997130547e-001
1.215450624856527e-005	4.309012497130547e-001
1.217403749856527e-005	4.348074997130547e-001
1.219356874856527e-005	4.387137497130542e-001
1.221309999856527e-005	4.426199997130542e-001
1.223263124856527e-005	4.465262497130542e-001
1.225216249856527e-005	4.504324997130538e-001
1.227169374856527e-005	4.543387497130538e-001
1.229122499856527e-005	4.582449997130533e-001
1.231075624856527e-005	4.621512497130533e-001
1.233028749856527e-005	4.660574997130533e-001
1.234981874856527e-005	4.699637497130529e-001
1.236934999856527e-005	4.738699997130529e-001
1.238888124856527e-005	4.777762497130529e-001
1.240841249856526e-005	4.816824997130524e-001
1.242794374856526e-005	4.855887497130524e-001
1.244747499856526e-005	4.894949997130524e-001
1.246700624856526e-005	4.934012497130520e-001
1.248653749856526e-005	4.973074997130520e-001
1.250606874856526e-005	5.012137497130520e-001
1.252559999856526e-005	5.051199997130516e-001
1.254513124856526e-005	5.090262497130516e-001
1.256466249856526e-005	5.129324997130511e-001
1.258419374856526e-005	5.168387497130511e-001
1.260372499856526e-005	5.207449997130511e-001
1.262325624856526e-005	5.246512497130507e-001
1.264278749856525e-005	5.285574997130507e-001
1.266231874856525e-005	5.324637497130507e-001
1.268184999856525e-005	5.363699997130502e-001
1.270138124856525e-005	5.402762497130502e-001
1.272091249856525e-005	5.441824997130502e-001
1.274044374856525e-005	5.480887497130498e-001
1.275997499856525e-005	5.519949997130498e-001
1.277950624856525e-005	5.559012497130498e-001
1.279903749856525e-005	5.598074997130493e-001
1.281856874856525e-005	5.637137497130493e-001
1.283809999856525e-005	5.676199997130489e-001
1.285763124856525e-005	5.715262497130489e-001
1.287716249856525e-005	5.754324997130489e-001
1.289669374856524e-005	5.793387497130484e-001
1.291622499856524e-005	5.832449997130484e-001
1.293575624856524e-005	5.871512497130484e-001
1.295528749856524e-005	5.910574997130480e-001
1.297481874856524e-005	5.949637497130480e-001
1.299434999856524e-005	5.988699997130480e-001
1.301388124856524e-005	6.027762497130476e-001
1.303341249856524e-005	6.066824997130476e-001
1.305294374856524e-005	6.105887497130471e-001
1.307247499856524e-005	6.144949997130471e-001
1.309200624856524e-005	6.184012497130471e-001
1.311153749856524e-005	6.223074997130467e-001
1.313106874856523e-005	6.262137497130467e-001
1.315059999856523e-005	6.301199997130467e-001
1.317013124856523e-005	6.340262497130462e-001
1.318966249856523e-005	6.379324997130462e-001
1.320919374856523e-005	6.418387497130462e-001
1.322872499856523e-005	6.457449997130458e-001
1.324825624856523e-005	6.496512497130458e-001
1.326778749856523e-005	6.535574997130458e-001
1.328731874856523e-005	6.574637497130453e-001
1.330684999856523e-005	6.613699997130453e-001
1.332638124856523e-005	6.652762497130449e-001
1.334591249856523e-005	6.691824997130449e-001
1.336544374856523e-005	6.730887497130449e-001
1.338497499856522e-005	6.769949997130444e-001
1.340450624856522e-005	6.809012497130444e-001
1.342403749856522e-005	6.848074997130444e-001
1.344356874856522e-005	6.887137497130440e-001
1.346309999856522e-005	6.926199997130440e-001
1.348263124856522e-005	6.965262497130440e-001
1.350216249856522e-005	7.004324997130436e-001
1.352169374856522e-005	7.043387497130436e-001
1.354122499856522e-005	7.082449997130431e-001
1.356075624856522e-005	7.121512497130431e-001
1.358028749856522e-005	7.160574997130431e-001
1.359981874856522e-005	7.199637497130427e-001
1.361934999856522e-005	7.238699997130427e-001
1.363888124856521e-005	7.277762497130427e-001
1.365841249856521e-005	7.316824997130422e-001
1.367794374856521e-005	7.355887497130422e-001
1.369747499856521e-005	7.394949997130422e-001
1.371700624856521e-005	7.434012497130418e-001
1.373653749856521e-005	7.473074997130418e-001
1.375606874856521e-005	7.512137497130418e-001
1.377559999856521e-005	7.551199997130413e-001
1.379513124856521e-005	7.590262497130413e-001
1.381466249856521e-005	7.629324997130409e-001
1.383419374856521e-005	7.668387497130409e-001
1.385372499856521e-005	7.707449997130409e-001
1.387325624856520e-005	7.746512497130405e-001
1.389278749856520e-005	7.785574997130405e-001
1.391231874856520e-005	7.824637497130405e-001
1.393184999856520e-005	7.863699997130400e-001
1.395138124856520e-005	7.902762497130400e-001
1.397091249856520e-005	7.941824997130400e-001
1.399044374856520e-005	7.980887497130396e-001
1.400997499856520e-005	8.019949997130396e-001
1.402950624856520e-005	8.059012497130396e-001
1.404903749856520e-005	8.098074997130391e-001
1.406856874856520e-005	8.137137497130391e-001
1.408809999856520e-005	8.176199997130387e-001
1.410763124856520e-005	8.215262497130387e-001
1.412716249856519e-005	8.254324997130387e-001
1.414669374856519e-005	8.293387497130382e-001
1.416622499856519e-005	8.332449997130382e-001
1.418575624856519e-005	8.371512497130382e-001
1.420528749856519e-005	8.410574997130378e-001
1.422481874856519e-005	8.449637497130378e-001
1.424434999856519e-005	8.488699997130378e-001
1.426388124856519e-005	8.527762497130373e-001
1.428341249856519e-005	8.566824997130373e-001
1.430294374856519e-005	8.605887497130369e-001
1.432247499856519e-005	8.644949997130369e-001
1.434200624856519e-005	8.684012497130369e-001
1.436153749856518e-005	8.723074997130365e-001
1.438106874856518e-005	8.762137497130365e-001
1.440059999856518e-005	8.801199997130365e-001
1.442013124856518e-005	8.840262497130360e-001
1.443966249856518e-005	8.879324997130360e-001
1.445919374856518e-005	8.918387497130360e-001
1.447872499856518e-005	8.957449997130356e-001
1.449825624856518e-005	8.996512497130356e-001
1.451778749856518e-005	9.035574997130356e-001
1.453731874856518e-005	9.074637497130351e-001
1.455684999856518e-005	9.113699997130351e-001
1.457638124856518e-005	9.152762497130347e-001
1.459591249856518e-005	9.191824997130347e-001
1.461544374856517e-005	9.230887497130347e-001
1.463497499856517e-005	9.269949997130342e-001
1.465450624856517e-005	9.309012497130342e-001
1.467403749856517e-005	9.348074997130342e-001
1.469356874856517e-005	9.387137497130338e-001
1.471309999856517e-005	9.426199997130338e-001
1.473263124856517e-005	9.465262497130338e-001
1.475216249856517e-005	9.504324997130333e-001
1.477169374856517e-005	9.543387497130333e-001
1.479122499856517e-005	9.582449997130333e-001
1.481075624856517e-005	9.621512497130329e-001
1.483028749856517e-005	9.660574997130329e-001
1.484981874856516e-005	9.699637497130325e-001
1.486934999856516e-005	9.738699997130325e-001
1.488888124856516e-005	9.777762497130325e-001
1.490841249856516e-005	9.816824997130320e-001
1.492794374856516e-005	9.855887497130320e-001
1.494747499856516e-005	9.894949997130320e-001
1.496700624856516e-005	9.934012497130316e-001
1.498653749856516e-005	9.973074997130316e-001
1.500606874856516e-005	1.001213749713032e+000
1.502559999856516e-005	1.005119999713031e+000
1.504513124856516e-005	1.009026249713031e+000
1.506466249856516e-005	1.012932499713031e+000
1.508419374856516e-005	1.016838749713031e+000
1.510372499856515e-005	1.020744999713031e+000
1.512325624856515e-005	1.024651249713030e+000
1.514278749856515e-005	1.028557499713030e+000
1.516231874856515e-005	1.032463749713030e+000
1.518184999856515e-005	1.036369999713030e+000
1.520138124856515e-005	1.040276249713030e+000
1.522091249856515e-005	1.044182499713030e+000
1.524044374856515e-005	1.048088749713029e+000
1.525997499856515e-005	1.051994999713029e+000
1.527950624856515e-005	1.055901249713029e+000
1.529903749856515e-005	1.059807499713029e+000
1.531856874856515e-005	1.063713749713029e+000
1.533809999856515e-005	1.067619999713029e+000
1.535763124856514e-005	1.071526249713029e+000
1.537716249856514e-005	1.075432499713029e+000
1.539669374856514e-005	1.079338749713028e+000
1.541622499856514e-005	1.083244999713028e+000
1.543575624856514e-005	1.087151249713028e+000
1.545528749856514e-005	1.091057499713028e+000
1.547481874856514e-005	1.094963749713028e+000
1.549434999856514e-005	1.098869999713028e+000
1.551388124856514e-005	1.102776249713027e+000
1.553341249856514e-005	1.106682499713027e+000
1.555294374856514e-005	1.110588749713027e+000
1.557247499856514e-005	1.114494999713027e+000
1.559200624856513e-005	1.118401249713027e+000
1.561153749856513e-005	1.122307499713026e+000
1.563106874856513e-005	1.126213749713026e+000
1.565059999856513e-005	1.130119999713026e+000
1.567013124856513e-005	1.134026249713026e+000
1.568966249856513e-005	1.137932499713026e+000
1.570919374856513e-005	1.141838749713026e+000
1.572872499856513e-005	1.145744999713025e+000
1.574825624856513e-005	1.149651249713025e+000
1.576778749856513e-005	1.153557499713025e+000
1.578731874856513e-005	1.157463749713025e+000
1.580684999856513e-005	1.161369999713025e+000
1.582638124856513e-005	1.165276249713025e+000
1.584591249856512e-005	1.169182499713025e+000
1.586544374856512e-005	1.173088749713025e+000
1.588497499856512e-005	1.176994999713024e+000
1.590450624856512e-005	1.180901249713024e+000
1.592403749856512e-005	1.184807499713024e+000
1.594356874856512e-005	1.188713749713024e+000
1.596309999856512e-005	1.192619999713024e+000
1.598263124856512e-005	1.196526249713024e+000
1.600216249856512e-005	1.200432499713023e+000
1.602169374856512e-005	1.204338749713023e+000
1.604122499856512e-005	1.208244999713023e+000
1.606075624856512e-005	1.212151249713023e+000
1.608028749856511e-005	1.216057499713023e+000
1.609981874856511e-005	1.219963749713022e+000
1.611934999856511e-005	1.223869999713022e+000
1.613888124856511e-005	1.227776249713022e+000
1.615841249856511e-005	1.231682499713022e+000
1.617794374856511e-005	1.235588749713022e+000
1.619747499856511e-005	1.239494999713022e+000
1.621700624856511e-005	1.243401249713021e+000
1.623653749856511e-005	1.247307499713021e+000
1.625606874856511e-005	1.251213749713021e+000
1.627559999856511e-005	1.255119999713021e+000
1.629513124856511e-005	1.259026249713021e+000
1.631466249856511e-005	1.262932499713021e+000
1.633419374856510e-005	1.266838749713021e+000
1.635372499856510e-005	1.270744999713021e+000
1.637325624856510e-005	1.274651249713020e+000
1.639278749856510e-005	1.278557499713020e+000
1.641231874856510e-005	1.282463749713020e+000
1.643184999856510e-005	1.286369999713020e+000
1.645138124856510e-005	1.290276249713020e+000
1.647091249856510e-005	1.294182499713020e+000
1.649044374856510e-005	1.298088749713019e+000
1.650997499856510e-005	1.301994999713019e+000
1.652950624856510e-005	1.305901249713019e+000
1.654903749856510e-005	1.309807499713019e+000
1.656856874856509e-005	1.313713749713019e+000
1.658809999856509e-005	1.317619999713018e+000
1.660763124856509e-005	1.321526249713018e+000
1.662716249856509e-005	1.325432499713018e+000
1.664669374856509e-005	1.329338749713018e+000
1.666622499856509e-005	1.333244999713018e+000
1.668575624856509e-005	1.337151249713018e+000
1.670528749856509e-005	1.341057499713017e+000
1.672481874856509e-005	1.344963749713017e+000
1.674434999856509e-005	1.348869999713017e+000
1.676388124856509e-005	1.352776249713017e+000
1.678341249856509e-005	1.356682499713017e+000
1.680294374856509e-005	1.360588749713017e+000
1.682247499856508e-005	1.364494999713017e+000
1.684200624856508e-005	1.368401249713017e+000
1.686153749856508e-005	1.372307499713016e+000
1.688106874856508e-005	1.376213749713016e+000
1.690059999856508e-005	1.380119999713016e+000
1.692013124856508e-005	1.384026249713016e+000
1.693966249856508e-005	1.387932499713016e+000
1.695919374856508e-005	1.391838749713016e+000
1.697872499856508e-005	1.395744999713015e+000
1.699825624856508e-005	1.399651249713015e+000
1.701778749856508e-005	1.403557499713015e+000
1.703731874856508e-005	1.407463749713015e+000
1.705684999856508e-005	1.411369999713015e+000
1.707638124856507e-005	1.415276249713014e+000
1.709591249856507e-005	1.419182499713014e+000
1.711544374856507e-005	1.423088749713014e+000
1.713497499856507e-005	1.426994999713014e+000
1.715450624856507e-005	1.430901249713014e+000
1.717403749856507e-005	1.434807499713014e+000
1.719356874856507e-005	1.438713749713013e+000
1.721309999856507e-005	1.442619999713013e+000
1.723263124856507e-005	1.446526249713013e+000
1.725216249856507e-005	1.450432499713013e+000
1.727169374856507e-005	1.454338749713013e+000
1.729122499856507e-005	1.458244999713013e+000
1.731075624856506e-005	1.462151249713013e+000
1.733028749856506e-005	1.466057499713013e+000
1.734981874856506e-005	1.469963749713012e+000
1.736934999856506e-005	1.473869999713012e+000
1.738888124856506e-005	1.477776249713012e+000
1.740841249856506e-005	1.481682499713012e+000
1.742794374856506e-005	1.485588749713012e+000
1.744747499856506e-005	1.489494999713012e+000
1.746700624856506e-005	1.493401249713011e+000
1.748653749856506e-005	1.497307499713011e+000
1.750606874856506e-005	1.501213749713011e+000
1.752559999856506e-005	1.505119999713011e+000
1.754513124856506e-005	1.509026249713011e+000
1.756466249856505e-005	1.512932499713011e+000
1.758419374856505e-005	1.516838749713010e+000
1.760372499856505e-005	1.520744999713010e+000
1.762325624856505e-005	1.524651249713010e+000
1.764278749856505e-005	1.528557499713010e+000
1.766231874856505e-005	1.532463749713010e+000
1.768184999856505e-005	1.536369999713009e+000
1.770138124856505e-005	1.540276249713009e+000
1.772091249856505e-005	1.544182499713009e+000
1.774044374856505e-005	1.548088749713009e+000
1.775997499856505e-005	1.551994999713009e+000
1.777950624856505e-005	1.555901249713009e+000
1.779903749856504e-005	1.559807499713009e+000
1.781856874856504e-005	1.563713749713009e+000
1.783809999856504e-005	1.567619999713008e+000
1.785763124856504e-005	1.571526249713008e+000
1.787716249856504e-005	1.575432499713008e+000
1.789669374856504e-005	1.579338749713008e+000
1.791622499856504e-005	1.583244999713008e+000
1.793575624856504e-005	1.587151249713008e+000
1.795528749856504e-005	1.591057499713007e+000
1.797481874856504e-005	1.594963749713007e+000
1.799434999856504e-005	1.598869999713007e+000
1.801388124856504e-005	1.602776249713007e+000
1.803341249856504e-005	1.606682499713007e+000
1.805294374856503e-005	1.610588749713007e+000
1.807247499856503e-005	1.614494999713006e+000
1.809200624856503e-005	1.618401249713006e+000
1.811153749856503e-005	1.622307499713006e+000
1.813106874856503e-005	1.626213749713006e+000
1.815059999856503e-005	1.630119999713006e+000
1.817013124856503e-005	1.634026249713005e+000
1.818966249856503e-005	1.637932499713005e+000
1.820919374856503e-005	1.641838749713005e+000
1.822872499856503e-005	1.645744999713005e+000
1.824825624856503e-005	1.649651249713005e+000
1.826778749856503e-005	1.653557499713005e+000
1.828731874856502e-005	1.657463749713005e+000
1.830684999856502e-005	1.661369999713005e+000
1.832638124856502e-005	1.665276249713005e+000
1.834591249856502e-005	1.669182499713004e+000
1.836544374856502e-005	1.673088749713004e+000
1.838497499856502e-005	1.676994999713004e+000
1.840450624856502e-005	1.680901249713004e+000
1.842403749856502e-005	1.684807499713004e+000
1.844356874856502e-005	1.688713749713003e+000
1.846309999856502e-005	1.692619999713003e+000
1.848263124856502e-005	1.696526249713003e+000
1.850216249856502e-005	1.700432499713003e+000
1.852169374856502e-005	1.704338749713003e+000
1.854122499856501e-005	1.708244999713003e+000
1.856075624856501e-005	1.712151249713002e+000
1.858028749856501e-005	1.716057499713002e+000
1.859981874856501e-005	1.719963749713002e+000
1.861934999856501e-005	1.723869999713002e+000
1.863888124856501e-005	1.727776249713002e+000
1.865841249856501e-005	1.731682499713001e+000
1.867794374856501e-005	1.735588749713001e+000
1.869747499856501e-005	1.739494999713001e+000
1.871700624856501e-005	1.743401249713001e+000
1.873653749856501e-005	1.747307499713001e+000
1.875606874856501e-005	1.751213749713001e+000
1.877559999856500e-005	1.755119999713001e+000
1.879513124856500e-005	1.759026249713001e+000
1.881466249856500e-005	1.762932499713001e+000
1.883419374856500e-005	1.766838749713000e+000
1.885372499856500e-005	1.770744999713000e+000
1.887325624856500e-005	1.774651249713000e+000
1.889278749856500e-005	1.778557499713000e+000
1.891231874856500e-005	1.782463749713000e+000
1.893184999856500e-005	1.786369999712999e+000
1.895138124856500e-005	1.790276249712999e+000
1.897091249856500e-005	1.794182499712999e+000
1.899044374856500e-005	1.798088749712999e+000
1.900997499856500e-005	1.801994999712999e+000
1.902950624856499e-005	1.805901249712999e+000
1.904903749856499e-005	1.809807499712998e+000
1.906856874856499e-005	1.813713749712998e+000
1.908809999856499e-005	1.817619999712998e+000
1.910763124856499e-005	1.821526249712998e+000
1.912716249856499e-005	1.825432499712998e+000
1.914669374856499e-005	1.829338749712997e+000
1.916622499856499e-005	1.833244999712997e+000
1.918575624856499e-005	1.837151249712997e+000
1.920528749856499e-005	1.841057499712997e+000
1.922481874856499e-005	1.844963749712997e+000
1.924434999856499e-005	1.848869999712997e+000
1.926388124856499e-005	1.852776249712997e+000
1.928341249856498e-005	1.856682499712997e+000
1.930294374856498e-005	1.860588749712997e+000
1.932247499856498e-005	1.864494999712996e+000
1.934200624856498e-005	1.868401249712996e+000
1.936153749856498e-005	1.872307499712996e+000
1.938106874856498e-005	1.876213749712996e+000
1.940059999856498e-005	1.880119999712996e+000
1.942013124856498e-005	1.884026249712995e+000
1.943966249856498e-005	1.887932499712995e+000
1.945919374856498e-005	1.891838749712995e+000
1.947872499856498e-005	1.895744999712995e+000
1.949825624856498e-005	1.899651249712995e+000
1.951778749856497e-005	1.903557499712995e+000
1.953731874856497e-005	1.907463749712994e+000
1.955684999856497e-005	1.911369999712994e+000
1.957638124856497e-005	1.915276249712994e+000
1.959591249856497e-005	1.919182499712994e+000
1.961544374856497e-005	1.923088749712994e+000
1.963497499856497e-005	1.926994999712993e+000
1.965450624856497e-005	1.930901249712993e+000
1.967403749856497e-005	1.934807499712993e+000
1.969356874856497e-005	1.938713749712993e+000
1.971309999856497e-005	1.942619999712993e+000
1.973263124856497e-005	1.946526249712993e+000
1.975216249856497e-005	1.950432499712993e+000
1.977169374856496e-005	1.954338749712993e+000
1.979122499856496e-005	1.958244999712993e+000
1.981075624856496e-005	1.962151249712992e+000
1.983028749856496e-005	1.966057499712992e+000
1.984981874856496e-005	1.969963749712992e+000
1.986934999856496e-005	1.973869999712992e+000
1.988888124856496e-005	1.977776249712992e+000
1.990841249856496e-005	1.981682499712991e+000
1.992794374856496e-005	1.985588749712991e+000
1.994747499856496e-005	1.989494999712991e+000
1.996700624856496e-005	1.993401249712991e+000
1.998653749856496e-005	1.997307499712991e+000
2.000000000000000e-005	2.000000000000000e+000
