time	sum_h_out_002_001
0.000000000000000e+000	-2.000000000000000e+000
9.765624452758720e-014	-1.999999960937502e+000
1.953124890551744e-013	-1.999999921875004e+000
3.906249781103488e-013	-1.999999843750009e+000
7.812499562206976e-013	-1.999999687500017e+000
1.562499912441395e-012	-1.999999375000035e+000
3.124999824882790e-012	-1.999998750000070e+000
6.249999649765581e-012	-1.999997500000140e+000
1.249999929953116e-011	-1.999995000000280e+000
2.499999859906232e-011	-1.999990000000560e+000
4.999999719812465e-011	-1.999980000001121e+000
9.999999439624929e-011	-1.999960000002242e+000
1.999999887924986e-010	-1.999920000004483e+000
3.999999775849972e-010	-1.999840000008966e+000
7.999999551699943e-010	-1.999680000017932e+000
1.599999910339989e-009	-1.999360000035864e+000
3.199999820679977e-009	-1.998720000071728e+000
6.399999641359955e-009	-1.997440000143456e+000
1.279999928271991e-008	-1.994880000286912e+000
2.256562428271991e-008	-1.990973750286912e+000
3.233124928271991e-008	-1.987067500286912e+000
4.209687428271991e-008	-1.983161250286912e+000
5.186249928271991e-008	-1.979255000286912e+000
6.162812428271991e-008	-1.975348750286912e+000
7.139374928271990e-008	-1.971442500286912e+000
8.115937428271990e-008	-1.967536250286912e+000
9.092499928271990e-008	-1.963630000286912e+000
1.006906242827199e-007	-1.959723750286912e+000
1.104562492827199e-007	-1.955817500286912e+000
1.202218742827199e-007	-1.951911250286912e+000
1.299874992827199e-007	-1.948005000286912e+000
1.397531242827199e-007	-1.944098750286912e+000
1.495187492827199e-007	-1.940192500286912e+000
1.592843742827199e-007	-1.936286250286912e+000
1.690499992827199e-007	-1.932380000286912e+000
1.788156242827199e-007	-1.928473750286912e+000
1.885812492827199e-007	-1.924567500286912e+000
1.983468742827199e-007	-1.920661250286912e+000
2.081124992827199e-007	-1.916755000286912e+000
2.178781242827199e-007	-1.912848750286912e+000
2.276437492827199e-007	-1.908942500286912e+000
2.374093742827199e-007	-1.905036250286912e+000
2.471749992827199e-007	-1.901130000286912e+000
2.569406242827199e-007	-1.897223750286912e+000
2.667062492827199e-007	-1.893317500286912e+000
2.764718742827200e-007	-1.889411250286912e+000
2.862374992827200e-007	-1.885505000286912e+000
2.960031242827200e-007	-1.881598750286912e+000
3.057687492827200e-007	-1.877692500286912e+000
3.155343742827201e-007	-1.873786250286912e+000
3.252999992827201e-007	-1.869880000286912e+000
3.350656242827201e-007	-1.865973750286912e+000
3.448312492827201e-007	-1.862067500286912e+000
3.545968742827202e-007	-1.858161250286912e+000
3.643624992827202e-007	-1.854255000286912e+000
3.741281242827202e-007	-1.850348750286912e+000
3.838937492827203e-007	-1.846442500286912e+000
3.936593742827203e-007	-1.842536250286912e+000
4.034249992827203e-007	-1.838630000286912e+000
4.131906242827203e-007	-1.834723750286912e+000
4.229562492827204e-007	-1.830817500286912e+000
4.327218742827204e-007	-1.826911250286912e+000
4.424874992827204e-007	-1.823005000286912e+000
4.522531242827204e-007	-1.819098750286912e+000
4.620187492827205e-007	-1.815192500286912e+000
4.717843742827205e-007	-1.811286250286912e+000
4.815499992827205e-007	-1.807380000286912e+000
4.913156242827205e-007	-1.803473750286912e+000
5.010812492827206e-007	-1.799567500286912e+000
5.108468742827206e-007	-1.795661250286912e+000
5.206124992827206e-007	-1.791755000286912e+000
5.303781242827206e-007	-1.787848750286912e+000
5.401437492827207e-007	-1.783942500286912e+000
5.499093742827207e-007	-1.780036250286912e+000
5.596749992827207e-007	-1.776130000286912e+000
5.694406242827207e-007	-1.772223750286912e+000
5.792062492827208e-007	-1.768317500286912e+000
5.889718742827208e-007	-1.764411250286912e+000
5.987374992827208e-007	-1.760505000286912e+000
6.085031242827208e-007	-1.756598750286912e+000
6.182687492827209e-007	-1.752692500286912e+000
6.280343742827209e-007	-1.748786250286912e+000
6.377999992827209e-007	-1.744880000286912e+000
6.475656242827209e-007	-1.740973750286912e+000
6.573312492827210e-007	-1.737067500286912e+000
6.670968742827210e-007	-1.733161250286912e+000
6.768624992827210e-007	-1.729255000286912e+000
6.866281242827210e-007	-1.725348750286912e+000
6.963937492827211e-007	-1.721442500286912e+000
7.061593742827211e-007	-1.717536250286912e+000
7.159249992827211e-007	-1.713630000286912e+000
7.256906242827211e-007	-1.709723750286912e+000
7.354562492827212e-007	-1.705817500286912e+000
7.452218742827212e-007	-1.701911250286912e+000
7.549874992827212e-007	-1.698005000286912e+000
7.647531242827213e-007	-1.694098750286912e+000
7.745187492827213e-007	-1.690192500286912e+000
7.842843742827213e-007	-1.686286250286912e+000
7.940499992827213e-007	-1.682380000286912e+000
8.038156242827214e-007	-1.678473750286912e+000
8.135812492827214e-007	-1.674567500286912e+000
8.233468742827214e-007	-1.670661250286912e+000
8.331124992827214e-007	-1.666755000286912e+000
8.428781242827215e-007	-1.662848750286911e+000
8.526437492827215e-007	-1.658942500286911e+000
8.624093742827215e-007	-1.655036250286911e+000
8.721749992827215e-007	-1.651130000286911e+000
8.819406242827216e-007	-1.647223750286911e+000
8.917062492827216e-007	-1.643317500286911e+000
9.014718742827216e-007	-1.639411250286911e+000
9.112374992827216e-007	-1.635505000286911e+000
9.210031242827217e-007	-1.631598750286911e+000
9.307687492827217e-007	-1.627692500286911e+000
9.405343742827217e-007	-1.623786250286911e+000
9.502999992827217e-007	-1.619880000286911e+000
9.600656242827218e-007	-1.615973750286911e+000
9.698312492827218e-007	-1.612067500286911e+000
9.795968742827218e-007	-1.608161250286911e+000
9.893624992827218e-007	-1.604255000286911e+000
9.991281242827219e-007	-1.600348750286911e+000
1.008893749282722e-006	-1.596442500286911e+000
1.018659374282722e-006	-1.592536250286911e+000
1.028424999282722e-006	-1.588630000286911e+000
1.038190624282722e-006	-1.584723750286911e+000
1.047956249282722e-006	-1.580817500286911e+000
1.057721874282722e-006	-1.576911250286911e+000
1.067487499282722e-006	-1.573005000286911e+000
1.077253124282722e-006	-1.569098750286911e+000
1.087018749282722e-006	-1.565192500286911e+000
1.096784374282722e-006	-1.561286250286911e+000
1.106549999282722e-006	-1.557380000286911e+000
1.116315624282722e-006	-1.553473750286911e+000
1.126081249282722e-006	-1.549567500286911e+000
1.135846874282722e-006	-1.545661250286911e+000
1.145612499282722e-006	-1.541755000286911e+000
1.155378124282722e-006	-1.537848750286911e+000
1.165143749282722e-006	-1.533942500286911e+000
1.174909374282722e-006	-1.530036250286911e+000
1.184674999282722e-006	-1.526130000286911e+000
1.194440624282722e-006	-1.522223750286911e+000
1.204206249282722e-006	-1.518317500286911e+000
1.213971874282722e-006	-1.514411250286911e+000
1.223737499282723e-006	-1.510505000286911e+000
1.233503124282723e-006	-1.506598750286911e+000
1.243268749282723e-006	-1.502692500286911e+000
1.253034374282723e-006	-1.498786250286911e+000
1.262799999282723e-006	-1.494880000286911e+000
1.272565624282723e-006	-1.490973750286911e+000
1.282331249282723e-006	-1.487067500286911e+000
1.292096874282723e-006	-1.483161250286911e+000
1.301862499282723e-006	-1.479255000286911e+000
1.311628124282723e-006	-1.475348750286911e+000
1.321393749282723e-006	-1.471442500286911e+000
1.331159374282723e-006	-1.467536250286911e+000
1.340924999282723e-006	-1.463630000286911e+000
1.350690624282723e-006	-1.459723750286911e+000
1.360456249282723e-006	-1.455817500286911e+000
1.370221874282723e-006	-1.451911250286911e+000
1.379987499282723e-006	-1.448005000286911e+000
1.389753124282723e-006	-1.444098750286911e+000
1.399518749282723e-006	-1.440192500286911e+000
1.409284374282723e-006	-1.436286250286911e+000
1.419049999282723e-006	-1.432380000286911e+000
1.428815624282723e-006	-1.428473750286911e+000
1.438581249282723e-006	-1.424567500286911e+000
1.448346874282723e-006	-1.420661250286911e+000
1.458112499282723e-006	-1.416755000286911e+000
1.467878124282723e-006	-1.412848750286911e+000
1.477643749282723e-006	-1.408942500286911e+000
1.487409374282723e-006	-1.405036250286911e+000
1.497174999282723e-006	-1.401130000286911e+000
1.506940624282723e-006	-1.397223750286911e+000
1.516706249282723e-006	-1.393317500286911e+000
1.526471874282723e-006	-1.389411250286911e+000
1.536237499282723e-006	-1.385505000286911e+000
1.546003124282723e-006	-1.381598750286911e+000
1.555768749282723e-006	-1.377692500286911e+000
1.565534374282723e-006	-1.373786250286911e+000
1.575299999282723e-006	-1.369880000286911e+000
1.585065624282723e-006	-1.365973750286911e+000
1.594831249282723e-006	-1.362067500286911e+000
1.604596874282723e-006	-1.358161250286911e+000
1.614362499282724e-006	-1.354255000286911e+000
1.624128124282724e-006	-1.350348750286911e+000
1.633893749282724e-006	-1.346442500286911e+000
1.643659374282724e-006	-1.342536250286911e+000
1.653424999282724e-006	-1.338630000286911e+000
1.663190624282724e-006	-1.334723750286911e+000
1.672956249282724e-006	-1.330817500286911e+000
1.682721874282724e-006	-1.326911250286911e+000
1.692487499282724e-006	-1.323005000286911e+000
1.702253124282724e-006	-1.319098750286911e+000
1.712018749282724e-006	-1.315192500286911e+000
1.721784374282724e-006	-1.311286250286911e+000
1.731549999282724e-006	-1.307380000286911e+000
1.741315624282724e-006	-1.303473750286911e+000
1.751081249282724e-006	-1.299567500286911e+000
1.760846874282724e-006	-1.295661250286911e+000
1.770612499282724e-006	-1.291755000286911e+000
1.780378124282724e-006	-1.287848750286911e+000
1.790143749282724e-006	-1.283942500286911e+000
1.799909374282724e-006	-1.280036250286911e+000
1.809674999282724e-006	-1.276130000286911e+000
1.819440624282724e-006	-1.272223750286911e+000
1.829206249282724e-006	-1.268317500286911e+000
1.838971874282724e-006	-1.264411250286911e+000
1.848737499282724e-006	-1.260505000286910e+000
1.858503124282724e-006	-1.256598750286910e+000
1.868268749282724e-006	-1.252692500286910e+000
1.878034374282724e-006	-1.248786250286910e+000
1.887799999282724e-006	-1.244880000286910e+000
1.897565624282724e-006	-1.240973750286910e+000
1.907331249282724e-006	-1.237067500286910e+000
1.917096874282724e-006	-1.233161250286911e+000
1.926862499282724e-006	-1.229255000286911e+000
1.936628124282724e-006	-1.225348750286910e+000
1.946393749282724e-006	-1.221442500286910e+000
1.956159374282724e-006	-1.217536250286910e+000
1.965924999282724e-006	-1.213630000286910e+000
1.975690624282724e-006	-1.209723750286910e+000
1.985456249282724e-006	-1.205817500286910e+000
1.995221874282724e-006	-1.201911250286910e+000
2.004987499282724e-006	-1.198005000286910e+000
2.014753124282724e-006	-1.194098750286910e+000
2.024518749282724e-006	-1.190192500286910e+000
2.034284374282724e-006	-1.186286250286910e+000
2.044049999282724e-006	-1.182380000286910e+000
2.053815624282724e-006	-1.178473750286910e+000
2.063581249282724e-006	-1.174567500286910e+000
2.073346874282725e-006	-1.170661250286910e+000
2.083112499282725e-006	-1.166755000286910e+000
2.092878124282725e-006	-1.162848750286910e+000
2.102643749282725e-006	-1.158942500286910e+000
2.112409374282725e-006	-1.155036250286910e+000
2.122174999282725e-006	-1.151130000286910e+000
2.131940624282725e-006	-1.147223750286910e+000
2.141706249282725e-006	-1.143317500286910e+000
2.151471874282725e-006	-1.139411250286910e+000
2.161237499282725e-006	-1.135505000286910e+000
2.171003124282725e-006	-1.131598750286910e+000
2.180768749282725e-006	-1.127692500286910e+000
2.190534374282725e-006	-1.123786250286910e+000
2.200299999282725e-006	-1.119880000286910e+000
2.210065624282725e-006	-1.115973750286910e+000
2.219831249282725e-006	-1.112067500286910e+000
2.229596874282725e-006	-1.108161250286910e+000
2.239362499282725e-006	-1.104255000286910e+000
2.249128124282725e-006	-1.100348750286910e+000
2.258893749282725e-006	-1.096442500286910e+000
2.268659374282725e-006	-1.092536250286910e+000
2.278424999282725e-006	-1.088630000286910e+000
2.288190624282725e-006	-1.084723750286910e+000
2.297956249282725e-006	-1.080817500286910e+000
2.307721874282725e-006	-1.076911250286910e+000
2.317487499282725e-006	-1.073005000286910e+000
2.327253124282725e-006	-1.069098750286910e+000
2.337018749282725e-006	-1.065192500286910e+000
2.346784374282725e-006	-1.061286250286910e+000
2.356549999282725e-006	-1.057380000286910e+000
2.366315624282725e-006	-1.053473750286910e+000
2.376081249282725e-006	-1.049567500286910e+000
2.385846874282725e-006	-1.045661250286910e+000
2.395612499282725e-006	-1.041755000286910e+000
2.405378124282725e-006	-1.037848750286910e+000
2.415143749282725e-006	-1.033942500286910e+000
2.424909374282725e-006	-1.030036250286910e+000
2.434674999282725e-006	-1.026130000286910e+000
2.444440624282725e-006	-1.022223750286910e+000
2.454206249282726e-006	-1.018317500286910e+000
2.463971874282726e-006	-1.014411250286910e+000
2.473737499282726e-006	-1.010505000286910e+000
2.483503124282726e-006	-1.006598750286910e+000
2.493268749282726e-006	-1.002692500286910e+000
2.503034374282726e-006	-9.987862502869098e-001
2.512799999282726e-006	-9.948800002869098e-001
2.522565624282726e-006	-9.909737502869098e-001
2.532331249282726e-006	-9.870675002869098e-001
2.542096874282726e-006	-9.831612502869098e-001
2.551862499282726e-006	-9.792550002869098e-001
2.561628124282726e-006	-9.753487502869098e-001
2.571393749282726e-006	-9.714425002869098e-001
2.581159374282726e-006	-9.675362502869098e-001
2.590924999282726e-006	-9.636300002869098e-001
2.600690624282726e-006	-9.597237502869098e-001
2.610456249282726e-006	-9.558175002869098e-001
2.620221874282726e-006	-9.519112502869098e-001
2.629987499282726e-006	-9.480050002869098e-001
2.639753124282726e-006	-9.440987502869098e-001
2.649518749282726e-006	-9.401925002869096e-001
2.659284374282726e-006	-9.362862502869096e-001
2.669049999282726e-006	-9.323800002869096e-001
2.678815624282726e-006	-9.284737502869096e-001
2.688581249282726e-006	-9.245675002869096e-001
2.698346874282726e-006	-9.206612502869096e-001
2.708112499282726e-006	-9.167550002869096e-001
2.717878124282726e-006	-9.128487502869096e-001
2.727643749282726e-006	-9.089425002869096e-001
2.737409374282726e-006	-9.050362502869096e-001
2.747174999282726e-006	-9.011300002869096e-001
2.756940624282726e-006	-8.972237502869096e-001
2.766706249282726e-006	-8.933175002869096e-001
2.776471874282726e-006	-8.894112502869096e-001
2.786237499282726e-006	-8.855050002869096e-001
2.796003124282726e-006	-8.815987502869096e-001
2.805768749282726e-006	-8.776925002869096e-001
2.815534374282726e-006	-8.737862502869096e-001
2.825299999282726e-006	-8.698800002869096e-001
2.835065624282727e-006	-8.659737502869096e-001
2.844831249282727e-006	-8.620675002869096e-001
2.854596874282727e-006	-8.581612502869096e-001
2.864362499282727e-006	-8.542550002869094e-001
2.874128124282727e-006	-8.503487502869094e-001
2.883893749282727e-006	-8.464425002869094e-001
2.893659374282727e-006	-8.425362502869094e-001
2.903424999282727e-006	-8.386300002869094e-001
2.913190624282727e-006	-8.347237502869094e-001
2.922956249282727e-006	-8.308175002869094e-001
2.932721874282727e-006	-8.269112502869094e-001
2.942487499282727e-006	-8.230050002869094e-001
2.952253124282727e-006	-8.190987502869094e-001
2.962018749282727e-006	-8.151925002869094e-001
2.971784374282727e-006	-8.112862502869094e-001
2.981549999282727e-006	-8.073800002869094e-001
2.991315624282727e-006	-8.034737502869094e-001
3.001081249282727e-006	-7.995675002869094e-001
3.010846874282727e-006	-7.956612502869094e-001
3.020612499282727e-006	-7.917550002869094e-001
3.030378124282727e-006	-7.878487502869094e-001
3.040143749282727e-006	-7.839425002869094e-001
3.049909374282727e-006	-7.800362502869094e-001
3.059674999282727e-006	-7.761300002869094e-001
3.069440624282727e-006	-7.722237502869094e-001
3.079206249282727e-006	-7.683175002869092e-001
3.088971874282727e-006	-7.644112502869092e-001
3.098737499282727e-006	-7.605050002869092e-001
3.108503124282727e-006	-7.565987502869092e-001
3.118268749282727e-006	-7.526925002869092e-001
3.128034374282727e-006	-7.487862502869092e-001
3.137799999282727e-006	-7.448800002869092e-001
3.147565624282727e-006	-7.409737502869092e-001
3.157331249282727e-006	-7.370675002869092e-001
3.167096874282727e-006	-7.331612502869092e-001
3.176862499282727e-006	-7.292550002869092e-001
3.186628124282727e-006	-7.253487502869092e-001
3.196393749282727e-006	-7.214425002869092e-001
3.206159374282727e-006	-7.175362502869092e-001
3.215924999282728e-006	-7.136300002869092e-001
3.225690624282728e-006	-7.097237502869092e-001
3.235456249282728e-006	-7.058175002869092e-001
3.245221874282728e-006	-7.019112502869092e-001
3.254987499282728e-006	-6.980050002869092e-001
3.264753124282728e-006	-6.940987502869092e-001
3.274518749282728e-006	-6.901925002869092e-001
3.284284374282728e-006	-6.862862502869092e-001
3.294049999282728e-006	-6.823800002869092e-001
3.303815624282728e-006	-6.784737502869089e-001
3.313581249282728e-006	-6.745675002869089e-001
3.323346874282728e-006	-6.706612502869089e-001
3.333112499282728e-006	-6.667550002869089e-001
3.342878124282728e-006	-6.628487502869089e-001
3.352643749282728e-006	-6.589425002869089e-001
3.362409374282728e-006	-6.550362502869089e-001
3.372174999282728e-006	-6.511300002869089e-001
3.381940624282728e-006	-6.472237502869089e-001
3.391706249282728e-006	-6.433175002869089e-001
3.401471874282728e-006	-6.394112502869089e-001
3.411237499282728e-006	-6.355050002869089e-001
3.421003124282728e-006	-6.315987502869089e-001
3.430768749282728e-006	-6.276925002869089e-001
3.440534374282728e-006	-6.237862502869089e-001
3.450299999282728e-006	-6.198800002869089e-001
3.460065624282728e-006	-6.159737502869089e-001
3.469831249282728e-006	-6.120675002869089e-001
3.479596874282728e-006	-6.081612502869089e-001
3.489362499282728e-006	-6.042550002869089e-001
3.499128124282728e-006	-6.003487502869089e-001
3.508893749282728e-006	-5.964425002869089e-001
3.518659374282728e-006	-5.925362502869087e-001
3.528424999282728e-006	-5.886300002869087e-001
3.538190624282728e-006	-5.847237502869087e-001
3.547956249282728e-006	-5.808175002869087e-001
3.557721874282728e-006	-5.769112502869087e-001
3.567487499282728e-006	-5.730050002869087e-001
3.577253124282728e-006	-5.690987502869087e-001
3.587018749282728e-006	-5.651925002869087e-001
3.596784374282729e-006	-5.612862502869087e-001
3.606549999282729e-006	-5.573800002869087e-001
3.616315624282729e-006	-5.534737502869087e-001
3.626081249282729e-006	-5.495675002869087e-001
3.635846874282729e-006	-5.456612502869087e-001
3.645612499282729e-006	-5.417550002869087e-001
3.655378124282729e-006	-5.378487502869087e-001
3.665143749282729e-006	-5.339425002869087e-001
3.674909374282729e-006	-5.300362502869087e-001
3.684674999282729e-006	-5.261300002869087e-001
3.694440624282729e-006	-5.222237502869087e-001
3.704206249282729e-006	-5.183175002869087e-001
3.713971874282729e-006	-5.144112502869087e-001
3.723737499282729e-006	-5.105050002869087e-001
3.733503124282729e-006	-5.065987502869085e-001
3.743268749282729e-006	-5.026925002869085e-001
3.753034374282729e-006	-4.987862502869085e-001
3.762799999282729e-006	-4.948800002869085e-001
3.772565624282729e-006	-4.909737502869085e-001
3.782331249282729e-006	-4.870675002869085e-001
3.792096874282729e-006	-4.831612502869085e-001
3.801862499282729e-006	-4.792550002869085e-001
3.811628124282729e-006	-4.753487502869085e-001
3.821393749282729e-006	-4.714425002869085e-001
3.831159374282729e-006	-4.675362502869087e-001
3.840924999282728e-006	-4.636300002869089e-001
3.850690624282728e-006	-4.597237502869089e-001
3.860456249282728e-006	-4.558175002869092e-001
3.870221874282727e-006	-4.519112502869094e-001
3.879987499282727e-006	-4.480050002869094e-001
3.889753124282726e-006	-4.440987502869096e-001
3.899518749282726e-006	-4.401925002869098e-001
3.909284374282726e-006	-4.362862502869100e-001
3.919049999282725e-006	-4.323800002869100e-001
3.928815624282725e-006	-4.284737502869103e-001
3.938581249282724e-006	-4.245675002869105e-001
3.948346874282724e-006	-4.206612502869105e-001
3.958112499282724e-006	-4.167550002869107e-001
3.967878124282723e-006	-4.128487502869109e-001
3.977643749282723e-006	-4.089425002869112e-001
3.987409374282722e-006	-4.050362502869112e-001
3.997174999282722e-006	-4.011300002869114e-001
4.006940624282722e-006	-3.972237502869116e-001
4.016706249282721e-006	-3.933175002869116e-001
4.026471874282721e-006	-3.894112502869118e-001
4.036237499282720e-006	-3.855050002869120e-001
4.046003124282720e-006	-3.815987502869123e-001
4.055768749282720e-006	-3.776925002869123e-001
4.065534374282719e-006	-3.737862502869125e-001
4.075299999282719e-006	-3.698800002869127e-001
4.085065624282718e-006	-3.659737502869127e-001
4.094831249282718e-006	-3.620675002869129e-001
4.104596874282718e-006	-3.581612502869132e-001
4.114362499282717e-006	-3.542550002869134e-001
4.124128124282717e-006	-3.503487502869134e-001
4.133893749282716e-006	-3.464425002869136e-001
4.143659374282716e-006	-3.425362502869138e-001
4.153424999282716e-006	-3.386300002869140e-001
4.163190624282715e-006	-3.347237502869140e-001
4.172956249282715e-006	-3.308175002869143e-001
4.182721874282714e-006	-3.269112502869145e-001
4.192487499282714e-006	-3.230050002869145e-001
4.202253124282714e-006	-3.190987502869147e-001
4.212018749282713e-006	-3.151925002869149e-001
4.221784374282713e-006	-3.112862502869151e-001
4.231549999282712e-006	-3.073800002869151e-001
4.241315624282712e-006	-3.034737502869154e-001
4.251081249282712e-006	-2.995675002869156e-001
4.260846874282711e-006	-2.956612502869156e-001
4.270612499282711e-006	-2.917550002869158e-001
4.280378124282710e-006	-2.878487502869160e-001
4.290143749282710e-006	-2.839425002869163e-001
4.299909374282710e-006	-2.800362502869163e-001
4.309674999282709e-006	-2.761300002869165e-001
4.319440624282709e-006	-2.722237502869167e-001
4.329206249282708e-006	-2.683175002869167e-001
4.338971874282708e-006	-2.644112502869169e-001
4.348737499282708e-006	-2.605050002869171e-001
4.358503124282707e-006	-2.565987502869174e-001
4.368268749282707e-006	-2.526925002869174e-001
4.378034374282706e-006	-2.487862502869176e-001
4.387799999282706e-006	-2.448800002869178e-001
4.397565624282706e-006	-2.409737502869178e-001
4.407331249282705e-006	-2.370675002869180e-001
4.417096874282705e-006	-2.331612502869183e-001
4.426862499282704e-006	-2.292550002869185e-001
4.436628124282704e-006	-2.253487502869185e-001
4.446393749282704e-006	-2.214425002869187e-001
4.456159374282703e-006	-2.175362502869189e-001
4.465924999282703e-006	-2.136300002869189e-001
4.475690624282702e-006	-2.097237502869191e-001
4.485456249282702e-006	-2.058175002869194e-001
4.495221874282702e-006	-2.019112502869196e-001
4.504987499282701e-006	-1.980050002869196e-001
4.514753124282701e-006	-1.940987502869198e-001
4.524518749282700e-006	-1.901925002869200e-001
4.534284374282700e-006	-1.862862502869203e-001
4.544049999282700e-006	-1.823800002869203e-001
4.553815624282699e-006	-1.784737502869205e-001
4.563581249282699e-006	-1.745675002869207e-001
4.573346874282698e-006	-1.706612502869207e-001
4.583112499282698e-006	-1.667550002869209e-001
4.592878124282698e-006	-1.628487502869211e-001
4.602643749282697e-006	-1.589425002869214e-001
4.612409374282697e-006	-1.550362502869214e-001
4.622174999282696e-006	-1.511300002869216e-001
4.631940624282696e-006	-1.472237502869218e-001
4.641706249282696e-006	-1.433175002869218e-001
4.651471874282695e-006	-1.394112502869220e-001
4.661237499282695e-006	-1.355050002869223e-001
4.671003124282694e-006	-1.315987502869225e-001
4.680768749282694e-006	-1.276925002869225e-001
4.690534374282694e-006	-1.237862502869227e-001
4.700299999282693e-006	-1.198800002869229e-001
4.710065624282693e-006	-1.159737502869229e-001
4.719831249282692e-006	-1.120675002869231e-001
4.729596874282692e-006	-1.081612502869234e-001
4.739362499282692e-006	-1.042550002869236e-001
4.749128124282691e-006	-1.003487502869236e-001
4.758893749282691e-006	-9.644250028692381e-002
4.768659374282691e-006	-9.253625028692403e-002
4.778424999282690e-006	-8.863000028692403e-002
4.788190624282690e-006	-8.472375028692425e-002
4.797956249282689e-006	-8.081750028692447e-002
4.807721874282689e-006	-7.691125028692469e-002
4.817487499282689e-006	-7.300500028692469e-002
4.827253124282688e-006	-6.909875028692492e-002
4.837018749282688e-006	-6.519250028692514e-002
4.846784374282687e-006	-6.128625028692536e-002
4.856549999282687e-006	-5.738000028692536e-002
4.866315624282687e-006	-5.347375028692558e-002
4.876081249282686e-006	-4.956750028692580e-002
4.885846874282686e-006	-4.566125028692580e-002
4.895612499282685e-006	-4.175500028692603e-002
4.905378124282685e-006	-3.784875028692625e-002
4.915143749282685e-006	-3.394250028692647e-002
4.924909374282684e-006	-3.003625028692647e-002
4.934674999282684e-006	-2.613000028692669e-002
4.944440624282683e-006	-2.222375028692691e-002
4.954206249282683e-006	-1.831750028692691e-002
4.963971874282683e-006	-1.441125028692714e-002
4.973737499282682e-006	-1.050500028692736e-002
4.983503124282682e-006	-6.598750286927579e-003
4.993268749282681e-006	-2.692500286927579e-003
5.003034374282681e-006	1.213749713072421e-003
5.012799999282681e-006	5.119999713071977e-003
5.022565624282680e-006	9.026249713071977e-003
5.032331249282680e-006	1.293249971307153e-002
5.042096874282679e-006	1.683874971307153e-002
5.051862499282679e-006	2.074499971307153e-002
5.061628124282679e-006	2.465124971307109e-002
5.071393749282678e-006	2.855749971307109e-002
5.081159374282678e-006	3.246374971307109e-002
5.090924999282677e-006	3.636999971307064e-002
5.100690624282677e-006	4.027624971307064e-002
5.110456249282677e-006	4.418249971307064e-002
5.120221874282676e-006	4.808874971307020e-002
5.129987499282676e-006	5.199499971307020e-002
5.139753124282675e-006	5.590124971306976e-002
5.149518749282675e-006	5.980749971306976e-002
5.159284374282675e-006	6.371374971306976e-002
5.169049999282674e-006	6.761999971306931e-002
5.178815624282674e-006	7.152624971306931e-002
5.188581249282673e-006	7.543249971306931e-002
5.198346874282673e-006	7.933874971306887e-002
5.208112499282673e-006	8.324499971306887e-002
5.217878124282672e-006	8.715124971306887e-002
5.227643749282672e-006	9.105749971306842e-002
5.237409374282671e-006	9.496374971306842e-002
5.247174999282671e-006	9.886999971306842e-002
5.256940624282671e-006	1.027762497130680e-001
5.266706249282670e-006	1.066824997130680e-001
5.276471874282670e-006	1.105887497130675e-001
5.286237499282669e-006	1.144949997130675e-001
5.296003124282669e-006	1.184012497130675e-001
5.305768749282669e-006	1.223074997130671e-001
5.315534374282668e-006	1.262137497130671e-001
5.325299999282668e-006	1.301199997130671e-001
5.335065624282667e-006	1.340262497130667e-001
5.344831249282667e-006	1.379324997130667e-001
5.354596874282667e-006	1.418387497130667e-001
5.364362499282666e-006	1.457449997130662e-001
5.374128124282666e-006	1.496512497130662e-001
5.383893749282665e-006	1.535574997130658e-001
5.393659374282665e-006	1.574637497130658e-001
5.403424999282665e-006	1.613699997130658e-001
5.413190624282664e-006	1.652762497130653e-001
5.422956249282664e-006	1.691824997130653e-001
5.432721874282663e-006	1.730887497130653e-001
5.442487499282663e-006	1.769949997130649e-001
5.452253124282663e-006	1.809012497130649e-001
5.462018749282662e-006	1.848074997130649e-001
5.471784374282662e-006	1.887137497130644e-001
5.481549999282661e-006	1.926199997130644e-001
5.491315624282661e-006	1.965262497130644e-001
5.501081249282661e-006	2.004324997130640e-001
5.510846874282660e-006	2.043387497130640e-001
5.520612499282660e-006	2.082449997130635e-001
5.530378124282659e-006	2.121512497130635e-001
5.540143749282659e-006	2.160574997130635e-001
5.549909374282659e-006	2.199637497130631e-001
5.559674999282658e-006	2.238699997130631e-001
5.569440624282658e-006	2.277762497130631e-001
5.579206249282657e-006	2.316824997130627e-001
5.588971874282657e-006	2.355887497130627e-001
5.598737499282657e-006	2.394949997130627e-001
5.608503124282656e-006	2.434012497130622e-001
5.618268749282656e-006	2.473074997130622e-001
5.628034374282655e-006	2.512137497130622e-001
5.637799999282655e-006	2.551199997130618e-001
5.647565624282655e-006	2.590262497130618e-001
5.657331249282654e-006	2.629324997130613e-001
5.667096874282654e-006	2.668387497130613e-001
5.676862499282654e-006	2.707449997130613e-001
5.686628124282653e-006	2.746512497130609e-001
5.696393749282653e-006	2.785574997130609e-001
5.706159374282652e-006	2.824637497130609e-001
5.715924999282652e-006	2.863699997130604e-001
5.725690624282652e-006	2.902762497130604e-001
5.735456249282651e-006	2.941824997130604e-001
5.745221874282651e-006	2.980887497130600e-001
5.754987499282650e-006	3.019949997130600e-001
5.764753124282650e-006	3.059012497130595e-001
5.774518749282650e-006	3.098074997130595e-001
5.784284374282649e-006	3.137137497130595e-001
5.794049999282649e-006	3.176199997130591e-001
5.803815624282648e-006	3.215262497130591e-001
5.813581249282648e-006	3.254324997130591e-001
5.823346874282648e-006	3.293387497130587e-001
5.833112499282647e-006	3.332449997130587e-001
5.842878124282647e-006	3.371512497130587e-001
5.852643749282646e-006	3.410574997130582e-001
5.862409374282646e-006	3.449637497130582e-001
5.872174999282646e-006	3.488699997130582e-001
5.881940624282645e-006	3.527762497130578e-001
5.891706249282645e-006	3.566824997130578e-001
5.901471874282644e-006	3.605887497130573e-001
5.911237499282644e-006	3.644949997130573e-001
5.921003124282644e-006	3.684012497130573e-001
5.930768749282643e-006	3.723074997130569e-001
5.940534374282643e-006	3.762137497130569e-001
5.950299999282642e-006	3.801199997130569e-001
5.960065624282642e-006	3.840262497130564e-001
5.969831249282642e-006	3.879324997130564e-001
5.979596874282641e-006	3.918387497130564e-001
5.989362499282641e-006	3.957449997130560e-001
5.999128124282640e-006	3.996512497130560e-001
6.008893749282640e-006	4.035574997130560e-001
6.018659374282640e-006	4.074637497130556e-001
6.028424999282639e-006	4.113699997130556e-001
6.038190624282639e-006	4.152762497130551e-001
6.047956249282638e-006	4.191824997130551e-001
6.057721874282638e-006	4.230887497130551e-001
6.067487499282638e-006	4.269949997130547e-001
6.077253124282637e-006	4.309012497130547e-001
6.087018749282637e-006	4.348074997130547e-001
6.096784374282636e-006	4.387137497130542e-001
6.106549999282636e-006	4.426199997130542e-001
6.116315624282636e-006	4.465262497130542e-001
6.126081249282635e-006	4.504324997130538e-001
6.135846874282635e-006	4.543387497130538e-001
6.145612499282634e-006	4.582449997130533e-001
6.155378124282634e-006	4.621512497130533e-001
6.165143749282634e-006	4.660574997130533e-001
6.174909374282633e-006	4.699637497130529e-001
6.184674999282633e-006	4.738699997130529e-001
6.194440624282632e-006	4.777762497130529e-001
6.204206249282632e-006	4.816824997130524e-001
6.213971874282632e-006	4.855887497130524e-001
6.223737499282631e-006	4.894949997130524e-001
6.233503124282631e-006	4.934012497130520e-001
6.243268749282630e-006	4.973074997130520e-001
6.253034374282630e-006	5.012137497130520e-001
6.262799999282630e-006	5.051199997130516e-001
6.272565624282629e-006	5.090262497130516e-001
6.282331249282629e-006	5.129324997130511e-001
6.292096874282628e-006	5.168387497130511e-001
6.301862499282628e-006	5.207449997130511e-001
6.311628124282628e-006	5.246512497130507e-001
6.321393749282627e-006	5.285574997130507e-001
6.331159374282627e-006	5.324637497130507e-001
6.340924999282626e-006	5.363699997130502e-001
6.350690624282626e-006	5.402762497130502e-001
6.360456249282626e-006	5.441824997130502e-001
6.370221874282625e-006	5.480887497130498e-001
6.379987499282625e-006	5.519949997130498e-001
6.389753124282624e-006	5.559012497130498e-001
6.399518749282624e-006	5.598074997130493e-001
6.409284374282624e-006	5.637137497130493e-001
6.419049999282623e-006	5.676199997130489e-001
6.428815624282623e-006	5.715262497130489e-001
6.438581249282622e-006	5.754324997130489e-001
6.448346874282622e-006	5.793387497130484e-001
6.458112499282622e-006	5.832449997130484e-001
6.467878124282621e-006	5.871512497130484e-001
6.477643749282621e-006	5.910574997130480e-001
6.487409374282620e-006	5.949637497130480e-001
6.497174999282620e-006	5.988699997130480e-001
6.506940624282620e-006	6.027762497130476e-001
6.516706249282619e-006	6.066824997130476e-001
6.526471874282619e-006	6.105887497130471e-001
6.536237499282618e-006	6.144949997130471e-001
6.546003124282618e-006	6.184012497130471e-001
6.555768749282618e-006	6.223074997130467e-001
6.565534374282617e-006	6.262137497130467e-001
6.575299999282617e-006	6.301199997130467e-001
6.585065624282616e-006	6.340262497130462e-001
6.594831249282616e-006	6.379324997130462e-001
6.604596874282616e-006	6.418387497130462e-001
6.614362499282615e-006	6.457449997130458e-001
6.624128124282615e-006	6.496512497130458e-001
6.633893749282615e-006	6.535574997130458e-001
6.643659374282614e-006	6.574637497130453e-001
6.653424999282614e-006	6.613699997130453e-001
6.663190624282613e-006	6.652762497130449e-001
6.672956249282613e-006	6.691824997130449e-001
6.682721874282613e-006	6.730887497130449e-001
6.692487499282612e-006	6.769949997130444e-001
6.702253124282612e-006	6.809012497130444e-001
6.712018749282611e-006	6.848074997130444e-001
6.721784374282611e-006	6.887137497130440e-001
6.731549999282611e-006	6.926199997130440e-001
6.741315624282610e-006	6.965262497130440e-001
6.751081249282610e-006	7.004324997130436e-001
6.760846874282609e-006	7.043387497130436e-001
6.770612499282609e-006	7.082449997130431e-001
6.780378124282609e-006	7.121512497130431e-001
6.790143749282608e-006	7.160574997130431e-001
6.799909374282608e-006	7.199637497130427e-001
6.809674999282607e-006	7.238699997130427e-001
6.819440624282607e-006	7.277762497130427e-001
6.829206249282607e-006	7.316824997130422e-001
6.838971874282606e-006	7.355887497130422e-001
6.848737499282606e-006	7.394949997130422e-001
6.858503124282605e-006	7.434012497130418e-001
6.868268749282605e-006	7.473074997130418e-001
6.878034374282605e-006	7.512137497130418e-001
6.887799999282604e-006	7.551199997130413e-001
6.897565624282604e-006	7.590262497130413e-001
6.907331249282603e-006	7.629324997130409e-001
6.917096874282603e-006	7.668387497130409e-001
6.926862499282603e-006	7.707449997130409e-001
6.936628124282602e-006	7.746512497130405e-001
6.946393749282602e-006	7.785574997130405e-001
6.956159374282601e-006	7.824637497130405e-001
6.965924999282601e-006	7.863699997130400e-001
6.975690624282601e-006	7.902762497130400e-001
6.985456249282600e-006	7.941824997130400e-001
6.995221874282600e-006	7.980887497130396e-001
7.004987499282599e-006	8.019949997130396e-001
7.014753124282599e-006	8.059012497130396e-001
7.024518749282599e-006	8.098074997130391e-001
7.034284374282598e-006	8.137137497130391e-001
7.044049999282598e-006	8.176199997130387e-001
7.053815624282597e-006	8.215262497130387e-001
7.063581249282597e-006	8.254324997130387e-001
7.073346874282597e-006	8.293387497130382e-001
7.083112499282596e-006	8.332449997130382e-001
7.092878124282596e-006	8.371512497130382e-001
7.102643749282595e-006	8.410574997130378e-001
7.112409374282595e-006	8.449637497130378e-001
7.122174999282595e-006	8.488699997130378e-001
7.131940624282594e-006	8.527762497130373e-001
7.141706249282594e-006	8.566824997130373e-001
7.151471874282593e-006	8.605887497130369e-001
7.161237499282593e-006	8.644949997130369e-001
7.171003124282593e-006	8.684012497130369e-001
7.180768749282592e-006	8.723074997130365e-001
7.190534374282592e-006	8.762137497130365e-001
7.200299999282591e-006	8.801199997130365e-001
7.210065624282591e-006	8.840262497130360e-001
7.219831249282591e-006	8.879324997130360e-001
7.229596874282590e-006	8.918387497130360e-001
7.239362499282590e-006	8.957449997130356e-001
7.249128124282589e-006	8.996512497130356e-001
7.258893749282589e-006	9.035574997130356e-001
7.268659374282589e-006	9.074637497130351e-001
7.278424999282588e-006	9.113699997130351e-001
7.288190624282588e-006	9.152762497130347e-001
7.297956249282587e-006	9.191824997130347e-001
7.307721874282587e-006	9.230887497130347e-001
7.317487499282587e-006	9.269949997130342e-001
7.327253124282586e-006	9.309012497130342e-001
7.337018749282586e-006	9.348074997130342e-001
7.346784374282585e-006	9.387137497130338e-001
7.356549999282585e-006	9.426199997130338e-001
7.366315624282585e-006	9.465262497130338e-001
7.376081249282584e-006	9.504324997130333e-001
7.385846874282584e-006	9.543387497130333e-001
7.395612499282583e-006	9.582449997130333e-001
7.405378124282583e-006	9.621512497130329e-001
7.415143749282583e-006	9.660574997130329e-001
7.424909374282582e-006	9.699637497130325e-001
7.434674999282582e-006	9.738699997130325e-001
7.444440624282581e-006	9.777762497130325e-001
7.454206249282581e-006	9.816824997130320e-001
7.463971874282581e-006	9.855887497130320e-001
7.473737499282580e-006	9.894949997130320e-001
7.483503124282580e-006	9.934012497130316e-001
7.493268749282579e-006	9.973074997130316e-001
7.503034374282579e-006	1.001213749713032e+000
7.512799999282579e-006	1.005119999713031e+000
7.522565624282578e-006	1.009026249713031e+000
7.532331249282578e-006	1.012932499713031e+000
7.542096874282578e-006	1.016838749713031e+000
7.551862499282577e-006	1.020744999713031e+000
7.561628124282577e-006	1.024651249713030e+000
7.571393749282576e-006	1.028557499713030e+000
7.581159374282576e-006	1.032463749713030e+000
7.590924999282576e-006	1.036369999713030e+000
7.600690624282575e-006	1.040276249713030e+000
7.610456249282575e-006	1.044182499713030e+000
7.620221874282574e-006	1.048088749713029e+000
7.629987499282574e-006	1.051994999713029e+000
7.639753124282574e-006	1.055901249713029e+000
7.649518749282573e-006	1.059807499713029e+000
7.659284374282573e-006	1.063713749713029e+000
7.669049999282572e-006	1.067619999713029e+000
7.678815624282572e-006	1.071526249713029e+000
7.688581249282572e-006	1.075432499713029e+000
7.698346874282571e-006	1.079338749713028e+000
7.708112499282571e-006	1.083244999713028e+000
7.717878124282570e-006	1.087151249713028e+000
7.727643749282570e-006	1.091057499713028e+000
7.737409374282570e-006	1.094963749713028e+000
7.747174999282569e-006	1.098869999713028e+000
7.756940624282569e-006	1.102776249713027e+000
7.766706249282568e-006	1.106682499713027e+000
7.776471874282568e-006	1.110588749713027e+000
7.786237499282568e-006	1.114494999713027e+000
7.796003124282567e-006	1.118401249713027e+000
7.805768749282567e-006	1.122307499713026e+000
7.815534374282566e-006	1.126213749713026e+000
7.825299999282566e-006	1.130119999713026e+000
7.835065624282566e-006	1.134026249713026e+000
7.844831249282565e-006	1.137932499713026e+000
7.854596874282565e-006	1.141838749713026e+000
7.864362499282564e-006	1.145744999713025e+000
7.874128124282564e-006	1.149651249713025e+000
7.883893749282564e-006	1.153557499713025e+000
7.893659374282563e-006	1.157463749713025e+000
7.903424999282563e-006	1.161369999713025e+000
7.913190624282562e-006	1.165276249713025e+000
7.922956249282562e-006	1.169182499713025e+000
7.932721874282562e-006	1.173088749713025e+000
7.942487499282561e-006	1.176994999713024e+000
7.952253124282561e-006	1.180901249713024e+000
7.962018749282560e-006	1.184807499713024e+000
7.971784374282560e-006	1.188713749713024e+000
7.981549999282560e-006	1.192619999713024e+000
7.991315624282559e-006	1.196526249713024e+000
8.001081249282559e-006	1.200432499713023e+000
8.010846874282558e-006	1.204338749713023e+000
8.020612499282558e-006	1.208244999713023e+000
8.030378124282558e-006	1.212151249713023e+000
8.040143749282557e-006	1.216057499713023e+000
8.049909374282557e-006	1.219963749713022e+000
8.059674999282556e-006	1.223869999713022e+000
8.069440624282556e-006	1.227776249713022e+000
8.079206249282556e-006	1.231682499713022e+000
8.088971874282555e-006	1.235588749713022e+000
8.098737499282555e-006	1.239494999713022e+000
8.108503124282554e-006	1.243401249713021e+000
8.118268749282554e-006	1.247307499713021e+000
8.128034374282554e-006	1.251213749713021e+000
8.137799999282553e-006	1.255119999713021e+000
8.147565624282553e-006	1.259026249713021e+000
8.157331249282552e-006	1.262932499713021e+000
8.167096874282552e-006	1.266838749713021e+000
8.176862499282552e-006	1.270744999713021e+000
8.186628124282551e-006	1.274651249713020e+000
8.196393749282551e-006	1.278557499713020e+000
8.206159374282550e-006	1.282463749713020e+000
8.215924999282550e-006	1.286369999713020e+000
8.225690624282550e-006	1.290276249713020e+000
8.235456249282549e-006	1.294182499713020e+000
8.245221874282549e-006	1.298088749713019e+000
8.254987499282548e-006	1.301994999713019e+000
8.264753124282548e-006	1.305901249713019e+000
8.274518749282548e-006	1.309807499713019e+000
8.284284374282547e-006	1.313713749713019e+000
8.294049999282547e-006	1.317619999713018e+000
8.303815624282546e-006	1.321526249713018e+000
8.313581249282546e-006	1.325432499713018e+000
8.323346874282546e-006	1.329338749713018e+000
8.333112499282545e-006	1.333244999713018e+000
8.342878124282545e-006	1.337151249713018e+000
8.352643749282544e-006	1.341057499713017e+000
8.362409374282544e-006	1.344963749713017e+000
8.372174999282544e-006	1.348869999713017e+000
8.381940624282543e-006	1.352776249713017e+000
8.391706249282543e-006	1.356682499713017e+000
8.401471874282542e-006	1.360588749713017e+000
8.411237499282542e-006	1.364494999713017e+000
8.421003124282542e-006	1.368401249713017e+000
8.430768749282541e-006	1.372307499713016e+000
8.440534374282541e-006	1.376213749713016e+000
8.450299999282540e-006	1.380119999713016e+000
8.460065624282540e-006	1.384026249713016e+000
8.469831249282540e-006	1.387932499713016e+000
8.479596874282539e-006	1.391838749713016e+000
8.489362499282539e-006	1.395744999713015e+000
8.499128124282539e-006	1.399651249713015e+000
8.508893749282538e-006	1.403557499713015e+000
8.518659374282538e-006	1.407463749713015e+000
8.528424999282537e-006	1.411369999713015e+000
8.538190624282537e-006	1.415276249713014e+000
8.547956249282537e-006	1.419182499713014e+000
8.557721874282536e-006	1.423088749713014e+000
8.567487499282536e-006	1.426994999713014e+000
8.577253124282535e-006	1.430901249713014e+000
8.587018749282535e-006	1.434807499713014e+000
8.596784374282535e-006	1.438713749713013e+000
8.606549999282534e-006	1.442619999713013e+000
8.616315624282534e-006	1.446526249713013e+000
8.626081249282533e-006	1.450432499713013e+000
8.635846874282533e-006	1.454338749713013e+000
8.645612499282533e-006	1.458244999713013e+000
8.655378124282532e-006	1.462151249713013e+000
8.665143749282532e-006	1.466057499713013e+000
8.674909374282531e-006	1.469963749713012e+000
8.684674999282531e-006	1.473869999713012e+000
8.694440624282531e-006	1.477776249713012e+000
8.704206249282530e-006	1.481682499713012e+000
8.713971874282530e-006	1.485588749713012e+000
8.723737499282529e-006	1.489494999713012e+000
8.733503124282529e-006	1.493401249713011e+000
8.743268749282529e-006	1.497307499713011e+000
8.753034374282528e-006	1.501213749713011e+000
8.762799999282528e-006	1.505119999713011e+000
8.772565624282527e-006	1.509026249713011e+000
8.782331249282527e-006	1.512932499713011e+000
8.792096874282527e-006	1.516838749713010e+000
8.801862499282526e-006	1.520744999713010e+000
8.811628124282526e-006	1.524651249713010e+000
8.821393749282525e-006	1.528557499713010e+000
8.831159374282525e-006	1.532463749713010e+000
8.840924999282525e-006	1.536369999713009e+000
8.850690624282524e-006	1.540276249713009e+000
8.860456249282524e-006	1.544182499713009e+000
8.870221874282523e-006	1.548088749713009e+000
8.879987499282523e-006	1.551994999713009e+000
8.889753124282523e-006	1.555901249713009e+000
8.899518749282522e-006	1.559807499713009e+000
8.909284374282522e-006	1.563713749713009e+000
8.919049999282521e-006	1.567619999713008e+000
8.928815624282521e-006	1.571526249713008e+000
8.938581249282521e-006	1.575432499713008e+000
8.948346874282520e-006	1.579338749713008e+000
8.958112499282520e-006	1.583244999713008e+000
8.967878124282519e-006	1.587151249713008e+000
8.977643749282519e-006	1.591057499713007e+000
8.987409374282519e-006	1.594963749713007e+000
8.997174999282518e-006	1.598869999713007e+000
9.006940624282518e-006	1.602776249713007e+000
9.016706249282517e-006	1.606682499713007e+000
9.026471874282517e-006	1.610588749713007e+000
9.036237499282517e-006	1.614494999713006e+000
9.046003124282516e-006	1.618401249713006e+000
9.055768749282516e-006	1.622307499713006e+000
9.065534374282515e-006	1.626213749713006e+000
9.075299999282515e-006	1.630119999713006e+000
9.085065624282515e-006	1.634026249713005e+000
9.094831249282514e-006	1.637932499713005e+000
9.104596874282514e-006	1.641838749713005e+000
9.114362499282513e-006	1.645744999713005e+000
9.124128124282513e-006	1.649651249713005e+000
9.133893749282513e-006	1.653557499713005e+000
9.143659374282512e-006	1.657463749713005e+000
9.153424999282512e-006	1.661369999713005e+000
9.163190624282511e-006	1.665276249713005e+000
9.172956249282511e-006	1.669182499713004e+000
9.182721874282511e-006	1.673088749713004e+000
9.192487499282510e-006	1.676994999713004e+000
9.202253124282510e-006	1.680901249713004e+000
9.212018749282509e-006	1.684807499713004e+000
9.221784374282509e-006	1.688713749713003e+000
9.231549999282509e-006	1.692619999713003e+000
9.241315624282508e-006	1.696526249713003e+000
9.251081249282508e-006	1.700432499713003e+000
9.260846874282507e-006	1.704338749713003e+000
9.270612499282507e-006	1.708244999713003e+000
9.280378124282507e-006	1.712151249713002e+000
9.290143749282506e-006	1.716057499713002e+000
9.299909374282506e-006	1.719963749713002e+000
9.309674999282505e-006	1.723869999713002e+000
9.319440624282505e-006	1.727776249713002e+000
9.329206249282505e-006	1.731682499713001e+000
9.338971874282504e-006	1.735588749713001e+000
9.348737499282504e-006	1.739494999713001e+000
9.358503124282503e-006	1.743401249713001e+000
9.368268749282503e-006	1.747307499713001e+000
9.378034374282503e-006	1.751213749713001e+000
9.387799999282502e-006	1.755119999713001e+000
9.397565624282502e-006	1.759026249713001e+000
9.407331249282502e-006	1.762932499713001e+000
9.417096874282501e-006	1.766838749713000e+000
9.426862499282501e-006	1.770744999713000e+000
9.436628124282500e-006	1.774651249713000e+000
9.446393749282500e-006	1.778557499713000e+000
9.456159374282500e-006	1.782463749713000e+000
9.465924999282499e-006	1.786369999712999e+000
9.475690624282499e-006	1.790276249712999e+000
9.485456249282498e-006	1.794182499712999e+000
9.495221874282498e-006	1.798088749712999e+000
9.504987499282498e-006	1.801994999712999e+000
9.514753124282497e-006	1.805901249712999e+000
9.524518749282497e-006	1.809807499712998e+000
9.534284374282496e-006	1.813713749712998e+000
9.544049999282496e-006	1.817619999712998e+000
9.553815624282496e-006	1.821526249712998e+000
9.563581249282495e-006	1.825432499712998e+000
9.573346874282495e-006	1.829338749712997e+000
9.583112499282494e-006	1.833244999712997e+000
9.592878124282494e-006	1.837151249712997e+000
9.602643749282494e-006	1.841057499712997e+000
9.612409374282493e-006	1.844963749712997e+000
9.622174999282493e-006	1.848869999712997e+000
9.631940624282492e-006	1.852776249712997e+000
9.641706249282492e-006	1.856682499712997e+000
9.651471874282492e-006	1.860588749712997e+000
9.661237499282491e-006	1.864494999712996e+000
9.671003124282491e-006	1.868401249712996e+000
9.680768749282490e-006	1.872307499712996e+000
9.690534374282490e-006	1.876213749712996e+000
9.700299999282490e-006	1.880119999712996e+000
9.710065624282489e-006	1.884026249712995e+000
9.719831249282489e-006	1.887932499712995e+000
9.729596874282488e-006	1.891838749712995e+000
9.739362499282488e-006	1.895744999712995e+000
9.749128124282488e-006	1.899651249712995e+000
9.758893749282487e-006	1.903557499712995e+000
9.768659374282487e-006	1.907463749712994e+000
9.778424999282486e-006	1.911369999712994e+000
9.788190624282486e-006	1.915276249712994e+000
9.797956249282486e-006	1.919182499712994e+000
9.807721874282485e-006	1.923088749712994e+000
9.817487499282485e-006	1.926994999712993e+000
9.827253124282484e-006	1.930901249712993e+000
9.837018749282484e-006	1.934807499712993e+000
9.846784374282484e-006	1.938713749712993e+000
9.856549999282483e-006	1.942619999712993e+000
9.866315624282483e-006	1.946526249712993e+000
9.876081249282482e-006	1.950432499712993e+000
9.885846874282482e-006	1.954338749712993e+000
9.895612499282482e-006	1.958244999712993e+000
9.905378124282481e-006	1.962151249712992e+000
9.915143749282481e-006	1.966057499712992e+000
9.924909374282480e-006	1.969963749712992e+000
9.934674999282480e-006	1.973869999712992e+000
9.944440624282480e-006	1.977776249712992e+000
9.954206249282479e-006	1.981682499712991e+000
9.963971874282479e-006	1.985588749712991e+000
9.973737499282478e-006	1.989494999712991e+000
9.983503124282478e-006	1.993401249712991e+000
9.993268749282478e-006	1.997307499712991e+000
1.000000000000000e-005	2.000000000000000e+000
