time	final_out
0.000000000000000e+00	9.500000000000001e-01
9.765624960978488e-15	9.500000000000001e-01
1.953124992195698e-14	9.500000000000001e-01
3.906249984391395e-14	9.500000000000001e-01
7.812499968782791e-14	9.500000000000001e-01
1.562499993756558e-13	9.500000000000001e-01
3.124999987513116e-13	9.500000000000001e-01
6.249999975026233e-13	9.500000000000001e-01
1.249999995005247e-12	9.500000000000001e-01
2.499999990010493e-12	9.500000000000001e-01
4.999999980020986e-12	9.500000000000001e-01
9.999999960041972e-12	9.500000000000001e-01
1.999999992008394e-11	9.500000000000001e-01
3.999999984016789e-11	9.500000000000001e-01
7.999999968033578e-11	9.500000000000001e-01
1.599999993606716e-10	9.500000000000001e-01
3.199999987213431e-10	9.500000000000001e-01
6.399999974426862e-10	9.500000000000001e-01
9.999999999999999e-10	9.500000000000001e-01
1.063999999744268e-09	9.537759999849119e-01
1.191999999232806e-09	9.613279999547356e-01
1.447999998209880e-09	9.764319998943830e-01
1.760374881712465e-09	9.948621180210355e-01
2.000000000000000e-09	1.009000000000000e+00
2.038178782877038e-09	1.009000000000000e+00
2.114536348631113e-09	1.009000000000000e+00
2.267251480139264e-09	1.009000000000000e+00
2.434462854554789e-09	1.009000000000000e+00
2.602178937332947e-09	1.009000000000000e+00
2.769377930387191e-09	1.009000000000000e+00
2.977194019307036e-09	1.009000000000000e+00
3.290146118924367e-09	1.009000000000000e+00
3.584598164867277e-09	1.009000000000000e+00
3.937000525857064e-09	1.009000000000000e+00
4.327898221776264e-09	1.009000000000000e+00
4.970800184102197e-09	1.009000000000000e+00
5.665432797194736e-09	1.009000000000000e+00
6.540350835210055e-09	1.009000000000000e+00
7.516913335210055e-09	1.009000000000000e+00
8.493475835210056e-09	1.009000000000000e+00
9.470038335210057e-09	1.009000000000000e+00
1.044660083521006e-08	1.009000000000000e+00
1.100000000000000e-08	1.009000000000000e+00
1.109765625000000e-08	1.009000000000000e+00
1.129296875000000e-08	1.009000000000000e+00
1.168359375000000e-08	1.009000000000000e+00
1.200000000000000e-08	1.009000000000000e+00
1.207812500000000e-08	1.009000000000000e+00
1.223437500000000e-08	1.009000000000000e+00
1.254687500000000e-08	1.009000000000000e+00
1.317187500000000e-08	1.009000000000000e+00
1.407346753975738e-08	1.009000000000000e+00
1.505003003975738e-08	1.009000000000000e+00
1.602659253975738e-08	1.009000000000000e+00
1.700315503975738e-08	1.009000000000000e+00
1.797971753975738e-08	1.009000000000000e+00
1.895628003975738e-08	1.009000000000000e+00
1.993284253975738e-08	1.009000000000000e+00
2.090940503975738e-08	1.009000000000000e+00
2.100000000000000e-08	1.009000000000000e+00
2.109765625000000e-08	1.009000000000000e+00
2.129296875000000e-08	1.009000000000000e+00
2.168359375000000e-08	1.009000000000000e+00
2.200000000000000e-08	1.009000000000000e+00
2.207812500000000e-08	1.009000000000000e+00
2.223437500000000e-08	1.009000000000000e+00
2.254687500000000e-08	1.009000000000000e+00
2.317187500000000e-08	1.009000000000000e+00
2.385422914595860e-08	1.009000000000000e+00
2.475498822048524e-08	1.009000000000000e+00
2.573155072048524e-08	1.009000000000000e+00
2.670811322048524e-08	1.009000000000000e+00
2.768467572048524e-08	1.009000000000000e+00
2.866123822048524e-08	1.009000000000000e+00
2.963780072048524e-08	1.009000000000000e+00
3.061436322048524e-08	1.009000000000000e+00
3.159092572048524e-08	1.009000000000000e+00
3.256748822048524e-08	1.009000000000000e+00
3.354405072048523e-08	1.009000000000000e+00
3.452061322048523e-08	1.009000000000000e+00
3.549717572048523e-08	1.009000000000000e+00
3.647373822048523e-08	1.009000000000000e+00
3.745030072048522e-08	1.009000000000000e+00
3.842686322048522e-08	1.009000000000000e+00
3.940342572048522e-08	1.009000000000000e+00
4.037998822048522e-08	1.009000000000000e+00
4.135655072048521e-08	1.009000000000000e+00
4.233311322048521e-08	1.009000000000000e+00
4.330967572048521e-08	1.009000000000000e+00
4.428623822048520e-08	1.009000000000000e+00
4.526280072048520e-08	1.009000000000000e+00
4.623936322048520e-08	1.009000000000000e+00
4.721592572048520e-08	1.009000000000000e+00
4.819248822048519e-08	1.009000000000000e+00
4.916905072048519e-08	1.009000000000000e+00
5.014561322048519e-08	1.009000000000000e+00
5.112217572048518e-08	1.009000000000000e+00
5.209873822048518e-08	1.009000000000000e+00
5.307530072048518e-08	1.009000000000000e+00
5.405186322048518e-08	1.009000000000000e+00
5.502842572048517e-08	1.009000000000000e+00
5.600498822048517e-08	1.009000000000000e+00
5.698155072048517e-08	1.009000000000000e+00
5.795811322048517e-08	1.009000000000000e+00
5.893467572048516e-08	1.009000000000000e+00
5.991123822048517e-08	1.009000000000000e+00
6.088780072048516e-08	1.009000000000000e+00
6.186436322048516e-08	1.009000000000000e+00
6.284092572048516e-08	1.009000000000000e+00
6.381748822048516e-08	1.009000000000000e+00
6.479405072048515e-08	1.009000000000000e+00
6.577061322048515e-08	1.009000000000000e+00
6.674717572048515e-08	1.009000000000000e+00
6.772373822048515e-08	1.009000000000000e+00
6.870030072048514e-08	1.009000000000000e+00
6.967686322048514e-08	1.009000000000000e+00
7.065342572048514e-08	1.009000000000000e+00
7.162998822048513e-08	1.009000000000000e+00
7.260655072048513e-08	1.009000000000000e+00
7.358311322048513e-08	1.009000000000000e+00
7.455967572048513e-08	1.009000000000000e+00
7.553623822048512e-08	1.009000000000000e+00
7.651280072048512e-08	1.009000000000000e+00
7.748936322048512e-08	1.009000000000000e+00
7.846592572048512e-08	1.009000000000000e+00
7.944248822048511e-08	1.009000000000000e+00
8.041905072048511e-08	1.009000000000000e+00
8.139561322048511e-08	1.009000000000000e+00
8.237217572048510e-08	1.009000000000000e+00
8.334873822048510e-08	1.009000000000000e+00
8.432530072048510e-08	1.009000000000000e+00
8.530186322048510e-08	1.009000000000000e+00
8.627842572048509e-08	1.009000000000000e+00
8.725498822048509e-08	1.009000000000000e+00
8.823155072048509e-08	1.009000000000000e+00
8.920811322048509e-08	1.009000000000000e+00
9.018467572048508e-08	1.009000000000000e+00
9.116123822048508e-08	1.009000000000000e+00
9.213780072048508e-08	1.009000000000000e+00
9.311436322048507e-08	1.009000000000000e+00
9.409092572048507e-08	1.009000000000000e+00
9.506748822048507e-08	1.009000000000000e+00
9.604405072048507e-08	1.009000000000000e+00
9.702061322048506e-08	1.009000000000000e+00
9.799717572048506e-08	1.009000000000000e+00
9.897373822048506e-08	1.009000000000000e+00
9.995030072048505e-08	1.009000000000000e+00
1.009268632204851e-07	1.009000000000000e+00
1.019034257204850e-07	1.009000000000000e+00
1.028799882204850e-07	1.009000000000000e+00
1.038565507204850e-07	1.009000000000000e+00
1.048331132204850e-07	1.009000000000000e+00
1.058096757204850e-07	1.009000000000000e+00
1.067862382204850e-07	1.009000000000000e+00
1.077628007204850e-07	1.009000000000000e+00
1.087393632204850e-07	1.009000000000000e+00
1.097159257204850e-07	1.009000000000000e+00
1.106924882204850e-07	1.009000000000000e+00
1.116690507204850e-07	1.009000000000000e+00
1.126456132204850e-07	1.009000000000000e+00
1.136221757204850e-07	1.009000000000000e+00
1.145987382204850e-07	1.009000000000000e+00
1.155753007204850e-07	1.009000000000000e+00
1.165518632204850e-07	1.009000000000000e+00
1.175284257204850e-07	1.009000000000000e+00
1.185049882204850e-07	1.009000000000000e+00
1.194815507204850e-07	1.009000000000000e+00
1.204581132204850e-07	1.009000000000000e+00
1.214346757204850e-07	1.009000000000000e+00
1.224112382204850e-07	1.009000000000000e+00
1.233878007204850e-07	1.009000000000000e+00
1.243643632204850e-07	1.009000000000000e+00
1.253409257204850e-07	1.009000000000000e+00
1.263174882204850e-07	1.009000000000000e+00
1.272940507204850e-07	1.009000000000000e+00
1.282706132204850e-07	1.009000000000000e+00
1.292471757204850e-07	1.009000000000000e+00
1.302237382204850e-07	1.009000000000000e+00
1.312003007204850e-07	1.009000000000000e+00
1.321768632204850e-07	1.009000000000000e+00
1.331534257204850e-07	1.009000000000000e+00
1.341299882204850e-07	1.009000000000000e+00
1.351065507204850e-07	1.009000000000000e+00
1.360831132204850e-07	1.009000000000000e+00
1.370596757204850e-07	1.009000000000000e+00
1.380362382204849e-07	1.009000000000000e+00
1.390128007204849e-07	1.009000000000000e+00
1.399893632204849e-07	1.009000000000000e+00
1.409659257204849e-07	1.009000000000000e+00
1.419424882204849e-07	1.009000000000000e+00
1.429190507204849e-07	1.009000000000000e+00
1.438956132204849e-07	1.009000000000000e+00
1.448721757204849e-07	1.009000000000000e+00
1.458487382204849e-07	1.009000000000000e+00
1.468253007204849e-07	1.009000000000000e+00
1.478018632204849e-07	1.009000000000000e+00
1.487784257204849e-07	1.009000000000000e+00
1.497549882204849e-07	1.009000000000000e+00
1.507315507204849e-07	1.009000000000000e+00
1.517081132204849e-07	1.009000000000000e+00
1.526846757204849e-07	1.009000000000000e+00
1.536612382204849e-07	1.009000000000000e+00
1.546378007204849e-07	1.009000000000000e+00
1.556143632204849e-07	1.009000000000000e+00
1.565909257204849e-07	1.009000000000000e+00
1.575674882204849e-07	1.009000000000000e+00
1.585440507204849e-07	1.009000000000000e+00
1.595206132204849e-07	1.009000000000000e+00
1.604971757204849e-07	1.009000000000000e+00
1.614737382204849e-07	1.009000000000000e+00
1.624503007204849e-07	1.009000000000000e+00
1.634268632204849e-07	1.009000000000000e+00
1.644034257204849e-07	1.009000000000000e+00
1.653799882204849e-07	1.009000000000000e+00
1.663565507204849e-07	1.009000000000000e+00
1.673331132204849e-07	1.009000000000000e+00
1.683096757204849e-07	1.009000000000000e+00
1.692862382204849e-07	1.009000000000000e+00
1.702628007204849e-07	1.009000000000000e+00
1.712393632204849e-07	1.009000000000000e+00
1.722159257204849e-07	1.009000000000000e+00
1.731924882204849e-07	1.009000000000000e+00
1.741690507204848e-07	1.009000000000000e+00
1.751456132204848e-07	1.009000000000000e+00
1.761221757204848e-07	1.009000000000000e+00
1.770987382204848e-07	1.009000000000000e+00
1.780753007204848e-07	1.009000000000000e+00
1.790518632204848e-07	1.009000000000000e+00
1.800284257204848e-07	1.009000000000000e+00
1.810049882204848e-07	1.009000000000000e+00
1.819815507204848e-07	1.009000000000000e+00
1.829581132204848e-07	1.009000000000000e+00
1.839346757204848e-07	1.009000000000000e+00
1.849112382204848e-07	1.009000000000000e+00
1.858878007204848e-07	1.009000000000000e+00
1.868643632204848e-07	1.009000000000000e+00
1.878409257204848e-07	1.009000000000000e+00
1.888174882204848e-07	1.009000000000000e+00
1.897940507204848e-07	1.009000000000000e+00
1.907706132204848e-07	1.009000000000000e+00
1.917471757204848e-07	1.009000000000000e+00
1.927237382204848e-07	1.009000000000000e+00
1.937003007204848e-07	1.009000000000000e+00
1.946768632204848e-07	1.009000000000000e+00
1.956534257204848e-07	1.009000000000000e+00
1.966299882204848e-07	1.009000000000000e+00
1.976065507204848e-07	1.009000000000000e+00
1.985831132204848e-07	1.009000000000000e+00
1.995596757204848e-07	1.009000000000000e+00
2.005362382204848e-07	1.009000000000000e+00
2.015128007204848e-07	1.009000000000000e+00
2.024893632204848e-07	1.009000000000000e+00
2.034659257204848e-07	1.009000000000000e+00
2.044424882204848e-07	1.009000000000000e+00
2.054190507204848e-07	1.009000000000000e+00
2.063956132204848e-07	1.009000000000000e+00
2.073721757204848e-07	1.009000000000000e+00
2.083487382204848e-07	1.009000000000000e+00
2.093253007204847e-07	1.009000000000000e+00
2.103018632204847e-07	1.009000000000000e+00
2.112784257204847e-07	1.009000000000000e+00
2.122549882204847e-07	1.009000000000000e+00
2.132315507204847e-07	1.009000000000000e+00
2.142081132204847e-07	1.009000000000000e+00
2.151846757204847e-07	1.009000000000000e+00
2.161612382204847e-07	1.009000000000000e+00
2.171378007204847e-07	1.009000000000000e+00
2.181143632204847e-07	1.009000000000000e+00
2.190909257204847e-07	1.009000000000000e+00
2.200674882204847e-07	1.009000000000000e+00
2.210440507204847e-07	1.009000000000000e+00
2.220206132204847e-07	1.009000000000000e+00
2.229971757204847e-07	1.009000000000000e+00
2.239737382204847e-07	1.009000000000000e+00
2.249503007204847e-07	1.009000000000000e+00
2.259268632204847e-07	1.009000000000000e+00
2.269034257204847e-07	1.009000000000000e+00
2.278799882204847e-07	1.009000000000000e+00
2.288565507204847e-07	1.009000000000000e+00
2.298331132204847e-07	1.009000000000000e+00
2.308096757204847e-07	1.009000000000000e+00
2.317862382204847e-07	1.009000000000000e+00
2.327628007204847e-07	1.009000000000000e+00
2.337393632204847e-07	1.009000000000000e+00
2.347159257204847e-07	1.009000000000000e+00
2.356924882204847e-07	1.009000000000000e+00
2.366690507204847e-07	1.009000000000000e+00
2.376456132204847e-07	1.009000000000000e+00
2.386221757204847e-07	1.009000000000000e+00
2.395987382204847e-07	1.009000000000000e+00
2.405753007204847e-07	1.009000000000000e+00
2.415518632204848e-07	1.009000000000000e+00
2.425284257204848e-07	1.009000000000000e+00
2.435049882204848e-07	1.009000000000000e+00
2.444815507204848e-07	1.009000000000000e+00
2.454581132204849e-07	1.009000000000000e+00
2.464346757204849e-07	1.009000000000000e+00
2.474112382204849e-07	1.009000000000000e+00
2.483878007204849e-07	1.009000000000000e+00
2.493643632204850e-07	1.009000000000000e+00
2.503409257204850e-07	1.009000000000000e+00
2.513174882204850e-07	1.009000000000000e+00
2.522940507204850e-07	1.009000000000000e+00
2.532706132204850e-07	1.009000000000000e+00
2.542471757204851e-07	1.009000000000000e+00
2.552237382204851e-07	1.009000000000000e+00
2.562003007204851e-07	1.009000000000000e+00
2.571768632204851e-07	1.009000000000000e+00
2.581534257204852e-07	1.009000000000000e+00
2.591299882204852e-07	1.009000000000000e+00
2.601065507204852e-07	1.009000000000000e+00
2.610831132204852e-07	1.009000000000000e+00
2.620596757204853e-07	1.009000000000000e+00
2.630362382204853e-07	1.009000000000000e+00
2.640128007204853e-07	1.009000000000000e+00
2.649893632204853e-07	1.009000000000000e+00
2.659659257204854e-07	1.009000000000000e+00
2.669424882204854e-07	1.009000000000000e+00
2.679190507204854e-07	1.009000000000000e+00
2.688956132204854e-07	1.009000000000000e+00
2.698721757204855e-07	1.009000000000000e+00
2.708487382204855e-07	1.009000000000000e+00
2.718253007204855e-07	1.009000000000000e+00
2.728018632204855e-07	1.009000000000000e+00
2.737784257204855e-07	1.009000000000000e+00
2.747549882204856e-07	1.009000000000000e+00
2.757315507204856e-07	1.009000000000000e+00
2.767081132204856e-07	1.009000000000000e+00
2.776846757204856e-07	1.009000000000000e+00
2.786612382204857e-07	1.009000000000000e+00
2.796378007204857e-07	1.009000000000000e+00
2.806143632204857e-07	1.009000000000000e+00
2.815909257204857e-07	1.009000000000000e+00
2.825674882204858e-07	1.009000000000000e+00
2.835440507204858e-07	1.009000000000000e+00
2.845206132204858e-07	1.009000000000000e+00
2.854971757204858e-07	1.009000000000000e+00
2.864737382204859e-07	1.009000000000000e+00
2.874503007204859e-07	1.009000000000000e+00
2.884268632204859e-07	1.009000000000000e+00
2.894034257204859e-07	1.009000000000000e+00
2.903799882204860e-07	1.009000000000000e+00
2.913565507204860e-07	1.009000000000000e+00
2.923331132204860e-07	1.009000000000000e+00
2.933096757204860e-07	1.009000000000000e+00
2.942862382204860e-07	1.009000000000000e+00
2.952628007204861e-07	1.009000000000000e+00
2.962393632204861e-07	1.009000000000000e+00
2.972159257204861e-07	1.009000000000000e+00
2.981924882204861e-07	1.009000000000000e+00
2.991690507204862e-07	1.009000000000000e+00
3.000000000000000e-07	1.009000000000000e+00
3.000976562500000e-07	1.003238281250000e+00
3.002929687500000e-07	9.917148437499992e-01
3.006835937500000e-07	9.686679687499978e-01
3.009616979199481e-07	9.522598227230619e-01
3.010000000000000e-07	9.500000000000001e-01
3.010295680121973e-07	9.500000000000001e-01
3.010887040365921e-07	9.500000000000001e-01
3.012069760853816e-07	9.500000000000001e-01
3.014435201829607e-07	9.500000000000001e-01
3.016600395365743e-07	9.500000000000001e-01
3.020930782438016e-07	9.500000000000001e-01
3.025677037504126e-07	9.500000000000001e-01
3.032387851061722e-07	9.500000000000001e-01
3.040733701876168e-07	9.500000000000001e-01
3.050499326876169e-07	9.500000000000001e-01
3.060264951876169e-07	9.500000000000001e-01
3.070030576876169e-07	9.500000000000001e-01
3.079796201876169e-07	9.500000000000001e-01
3.089561826876170e-07	9.500000000000001e-01
3.099327451876170e-07	9.500000000000001e-01
3.100000000000000e-07	9.500000000000001e-01
3.100976562500000e-07	9.500000000000001e-01
3.102929687500000e-07	9.500000000000001e-01
3.106835937500000e-07	9.500000000000001e-01
3.110000000000000e-07	9.500000000000001e-01
3.110742303660475e-07	9.500000000000001e-01
3.112226910981426e-07	9.500000000000001e-01
3.115196125623328e-07	9.500000000000001e-01
3.120606084938711e-07	9.500000000000001e-01
3.127497941789699e-07	9.500000000000001e-01
3.133879837647063e-07	9.500000000000001e-01
3.143645462647063e-07	9.500000000000001e-01
3.153411087647063e-07	9.500000000000001e-01
3.163176712647064e-07	9.500000000000001e-01
3.172942337647064e-07	9.500000000000001e-01
3.182707962647064e-07	9.500000000000001e-01
3.192473587647064e-07	9.500000000000001e-01
3.200000000000000e-07	9.500000000000001e-01
3.200976562500000e-07	9.500000000000001e-01
3.202929687500000e-07	9.500000000000001e-01
3.206835937500000e-07	9.500000000000001e-01
3.210000000000000e-07	9.500000000000001e-01
3.210781250000000e-07	9.500000000000001e-01
3.212343750000000e-07	9.500000000000001e-01
3.215468750000000e-07	9.500000000000001e-01
3.221718750000000e-07	9.500000000000001e-01
3.228309613970555e-07	9.500000000000001e-01
3.237588253908755e-07	9.500000000000001e-01
3.247353878908755e-07	9.500000000000001e-01
3.257119503908755e-07	9.500000000000001e-01
3.266885128908756e-07	9.500000000000001e-01
3.276650753908756e-07	9.500000000000001e-01
3.286416378908756e-07	9.500000000000001e-01
3.296182003908756e-07	9.500000000000001e-01
3.305947628908757e-07	9.500000000000001e-01
3.315713253908757e-07	9.500000000000001e-01
3.325478878908757e-07	9.500000000000001e-01
3.335244503908757e-07	9.500000000000001e-01
3.345010128908757e-07	9.500000000000001e-01
3.354775753908758e-07	9.500000000000001e-01
3.364541378908758e-07	9.500000000000001e-01
3.374307003908758e-07	9.500000000000001e-01
3.384072628908758e-07	9.500000000000001e-01
3.393838253908759e-07	9.500000000000001e-01
3.403603878908759e-07	9.500000000000001e-01
3.413369503908759e-07	9.500000000000001e-01
3.423135128908759e-07	9.500000000000001e-01
3.432900753908760e-07	9.500000000000001e-01
3.442666378908760e-07	9.500000000000001e-01
3.452432003908760e-07	9.500000000000001e-01
3.462197628908760e-07	9.500000000000001e-01
3.471963253908761e-07	9.500000000000001e-01
3.481728878908761e-07	9.500000000000001e-01
3.491494503908761e-07	9.500000000000001e-01
3.501260128908761e-07	9.500000000000001e-01
3.511025753908761e-07	9.500000000000001e-01
3.520791378908762e-07	9.500000000000001e-01
3.530557003908762e-07	9.500000000000001e-01
3.540322628908762e-07	9.500000000000001e-01
3.550088253908762e-07	9.500000000000001e-01
3.559853878908763e-07	9.500000000000001e-01
3.569619503908763e-07	9.500000000000001e-01
3.579385128908763e-07	9.500000000000001e-01
3.589150753908763e-07	9.500000000000001e-01
3.598916378908764e-07	9.500000000000001e-01
3.608682003908764e-07	9.500000000000001e-01
3.618447628908764e-07	9.500000000000001e-01
3.628213253908764e-07	9.500000000000001e-01
3.637978878908765e-07	9.500000000000001e-01
3.647744503908765e-07	9.500000000000001e-01
3.657510128908765e-07	9.500000000000001e-01
3.667275753908765e-07	9.500000000000001e-01
3.677041378908766e-07	9.500000000000001e-01
3.686807003908766e-07	9.500000000000001e-01
3.696572628908766e-07	9.500000000000001e-01
3.706338253908766e-07	9.500000000000001e-01
3.716103878908766e-07	9.500000000000001e-01
3.725869503908767e-07	9.500000000000001e-01
3.735635128908767e-07	9.500000000000001e-01
3.745400753908767e-07	9.500000000000001e-01
3.755166378908767e-07	9.500000000000001e-01
3.764932003908768e-07	9.500000000000001e-01
3.774697628908768e-07	9.500000000000001e-01
3.784463253908768e-07	9.500000000000001e-01
3.794228878908768e-07	9.500000000000001e-01
3.803994503908769e-07	9.500000000000001e-01
3.813760128908769e-07	9.500000000000001e-01
3.823525753908769e-07	9.500000000000001e-01
3.833291378908769e-07	9.500000000000001e-01
3.843057003908770e-07	9.500000000000001e-01
3.852822628908770e-07	9.500000000000001e-01
3.862588253908770e-07	9.500000000000001e-01
3.872353878908770e-07	9.500000000000001e-01
3.882119503908771e-07	9.500000000000001e-01
3.891885128908771e-07	9.500000000000001e-01
3.901650753908771e-07	9.500000000000001e-01
3.911416378908771e-07	9.500000000000001e-01
3.921182003908771e-07	9.500000000000001e-01
3.930947628908772e-07	9.500000000000001e-01
3.940713253908772e-07	9.500000000000001e-01
3.950478878908772e-07	9.500000000000001e-01
3.960244503908772e-07	9.500000000000001e-01
3.970010128908773e-07	9.500000000000001e-01
3.979775753908773e-07	9.500000000000001e-01
3.989541378908773e-07	9.500000000000001e-01
3.999307003908773e-07	9.500000000000001e-01
4.009072628908774e-07	9.500000000000001e-01
4.018838253908774e-07	9.500000000000001e-01
4.028603878908774e-07	9.500000000000001e-01
4.038369503908774e-07	9.500000000000001e-01
4.048135128908775e-07	9.500000000000001e-01
4.057900753908775e-07	9.500000000000001e-01
4.067666378908775e-07	9.500000000000001e-01
4.077432003908775e-07	9.500000000000001e-01
4.087197628908775e-07	9.500000000000001e-01
4.096963253908776e-07	9.500000000000001e-01
4.106728878908776e-07	9.500000000000001e-01
4.116494503908776e-07	9.500000000000001e-01
4.126260128908776e-07	9.500000000000001e-01
4.136025753908777e-07	9.500000000000001e-01
4.145791378908777e-07	9.500000000000001e-01
4.155557003908777e-07	9.500000000000001e-01
4.165322628908777e-07	9.500000000000001e-01
4.175088253908778e-07	9.500000000000001e-01
4.184853878908778e-07	9.500000000000001e-01
4.194619503908778e-07	9.500000000000001e-01
4.204385128908778e-07	9.500000000000001e-01
4.214150753908779e-07	9.500000000000001e-01
4.223916378908779e-07	9.500000000000001e-01
4.233682003908779e-07	9.500000000000001e-01
4.243447628908779e-07	9.500000000000001e-01
4.253213253908780e-07	9.500000000000001e-01
4.262978878908780e-07	9.500000000000001e-01
4.272744503908780e-07	9.500000000000001e-01
4.282510128908780e-07	9.500000000000001e-01
4.292275753908780e-07	9.500000000000001e-01
4.302041378908781e-07	9.500000000000001e-01
4.311807003908781e-07	9.500000000000001e-01
4.321572628908781e-07	9.500000000000001e-01
4.331338253908781e-07	9.500000000000001e-01
4.341103878908782e-07	9.500000000000001e-01
4.350869503908782e-07	9.500000000000001e-01
4.360635128908782e-07	9.500000000000001e-01
4.370400753908782e-07	9.500000000000001e-01
4.380166378908783e-07	9.500000000000001e-01
4.389932003908783e-07	9.500000000000001e-01
4.399697628908783e-07	9.500000000000001e-01
4.409463253908783e-07	9.500000000000001e-01
4.419228878908784e-07	9.500000000000001e-01
4.428994503908784e-07	9.500000000000001e-01
4.438760128908784e-07	9.500000000000001e-01
4.448525753908784e-07	9.500000000000001e-01
4.458291378908785e-07	9.500000000000001e-01
4.468057003908785e-07	9.500000000000001e-01
4.477822628908785e-07	9.500000000000001e-01
4.487588253908785e-07	9.500000000000001e-01
4.497353878908785e-07	9.500000000000001e-01
4.507119503908786e-07	9.500000000000001e-01
4.516885128908786e-07	9.500000000000001e-01
4.526650753908786e-07	9.500000000000001e-01
4.536416378908786e-07	9.500000000000001e-01
4.546182003908787e-07	9.500000000000001e-01
4.555947628908787e-07	9.500000000000001e-01
4.565713253908787e-07	9.500000000000001e-01
4.575478878908787e-07	9.500000000000001e-01
4.585244503908788e-07	9.500000000000001e-01
4.595010128908788e-07	9.500000000000001e-01
4.604775753908788e-07	9.500000000000001e-01
4.614541378908788e-07	9.500000000000001e-01
4.624307003908789e-07	9.500000000000001e-01
4.634072628908789e-07	9.500000000000001e-01
4.643838253908789e-07	9.500000000000001e-01
4.653603878908789e-07	9.500000000000001e-01
4.663369503908790e-07	9.500000000000001e-01
4.673135128908790e-07	9.500000000000001e-01
4.682900753908790e-07	9.500000000000001e-01
4.692666378908790e-07	9.500000000000001e-01
4.702432003908790e-07	9.500000000000001e-01
4.712197628908791e-07	9.500000000000001e-01
4.721963253908791e-07	9.500000000000001e-01
4.731728878908791e-07	9.500000000000001e-01
4.741494503908791e-07	9.500000000000001e-01
4.751260128908792e-07	9.500000000000001e-01
4.761025753908792e-07	9.500000000000001e-01
4.770791378908792e-07	9.500000000000001e-01
4.780557003908792e-07	9.500000000000001e-01
4.790322628908792e-07	9.500000000000001e-01
4.800088253908792e-07	9.500000000000001e-01
4.809853878908793e-07	9.500000000000001e-01
4.819619503908793e-07	9.500000000000001e-01
4.829385128908793e-07	9.500000000000001e-01
4.839150753908793e-07	9.500000000000001e-01
4.848916378908793e-07	9.500000000000001e-01
4.858682003908794e-07	9.500000000000001e-01
4.868447628908794e-07	9.500000000000001e-01
4.878213253908794e-07	9.500000000000001e-01
4.887978878908794e-07	9.500000000000001e-01
4.897744503908795e-07	9.500000000000001e-01
4.907510128908795e-07	9.500000000000001e-01
4.917275753908795e-07	9.500000000000001e-01
4.927041378908795e-07	9.500000000000001e-01
4.936807003908796e-07	9.500000000000001e-01
4.946572628908796e-07	9.500000000000001e-01
4.956338253908796e-07	9.500000000000001e-01
4.966103878908796e-07	9.500000000000001e-01
4.975869503908797e-07	9.500000000000001e-01
4.985635128908797e-07	9.500000000000001e-01
4.995400753908797e-07	9.500000000000001e-01
5.005166378908797e-07	9.500000000000001e-01
5.014932003908798e-07	9.500000000000001e-01
5.024697628908798e-07	9.500000000000001e-01
5.034463253908798e-07	9.500000000000001e-01
5.044228878908798e-07	9.500000000000001e-01
5.053994503908798e-07	9.500000000000001e-01
5.063760128908799e-07	9.500000000000001e-01
5.073525753908799e-07	9.500000000000001e-01
5.083291378908799e-07	9.500000000000001e-01
5.093057003908799e-07	9.500000000000001e-01
5.102822628908800e-07	9.500000000000001e-01
5.112588253908800e-07	9.500000000000001e-01
5.122353878908800e-07	9.500000000000001e-01
5.132119503908800e-07	9.500000000000001e-01
5.141885128908801e-07	9.500000000000001e-01
5.151650753908801e-07	9.500000000000001e-01
5.161416378908801e-07	9.500000000000001e-01
5.171182003908801e-07	9.500000000000001e-01
5.180947628908802e-07	9.500000000000001e-01
5.190713253908802e-07	9.500000000000001e-01
5.200478878908802e-07	9.500000000000001e-01
5.210244503908802e-07	9.500000000000001e-01
5.220010128908803e-07	9.500000000000001e-01
5.229775753908803e-07	9.500000000000001e-01
5.239541378908803e-07	9.500000000000001e-01
5.249307003908803e-07	9.500000000000001e-01
5.259072628908803e-07	9.500000000000001e-01
5.268838253908804e-07	9.500000000000001e-01
5.278603878908804e-07	9.500000000000001e-01
5.288369503908804e-07	9.500000000000001e-01
5.298135128908804e-07	9.500000000000001e-01
5.307900753908805e-07	9.500000000000001e-01
5.317666378908805e-07	9.500000000000001e-01
5.327432003908805e-07	9.500000000000001e-01
5.337197628908805e-07	9.500000000000001e-01
5.346963253908806e-07	9.500000000000001e-01
5.356728878908806e-07	9.500000000000001e-01
5.366494503908806e-07	9.500000000000001e-01
5.376260128908806e-07	9.500000000000001e-01
5.386025753908807e-07	9.500000000000001e-01
5.395791378908807e-07	9.500000000000001e-01
5.405557003908807e-07	9.500000000000001e-01
5.415322628908807e-07	9.500000000000001e-01
5.425088253908807e-07	9.500000000000001e-01
5.434853878908808e-07	9.500000000000001e-01
5.444619503908808e-07	9.500000000000001e-01
5.454385128908808e-07	9.500000000000001e-01
5.464150753908808e-07	9.500000000000001e-01
5.473916378908809e-07	9.500000000000001e-01
5.483682003908809e-07	9.500000000000001e-01
5.493447628908809e-07	9.500000000000001e-01
5.503213253908809e-07	9.500000000000001e-01
5.512978878908810e-07	9.500000000000001e-01
5.522744503908810e-07	9.500000000000001e-01
5.532510128908810e-07	9.500000000000001e-01
5.542275753908810e-07	9.500000000000001e-01
5.552041378908811e-07	9.500000000000001e-01
5.561807003908811e-07	9.500000000000001e-01
5.571572628908811e-07	9.500000000000001e-01
5.581338253908811e-07	9.500000000000001e-01
5.591103878908812e-07	9.500000000000001e-01
5.600869503908812e-07	9.500000000000001e-01
5.610635128908812e-07	9.500000000000001e-01
5.620400753908812e-07	9.500000000000001e-01
5.630166378908812e-07	9.500000000000001e-01
5.639932003908813e-07	9.500000000000001e-01
5.649697628908813e-07	9.500000000000001e-01
5.659463253908813e-07	9.500000000000001e-01
5.669228878908813e-07	9.500000000000001e-01
5.678994503908814e-07	9.500000000000001e-01
5.688760128908814e-07	9.500000000000001e-01
5.698525753908814e-07	9.500000000000001e-01
5.708291378908814e-07	9.500000000000001e-01
5.718057003908815e-07	9.500000000000001e-01
5.727822628908815e-07	9.500000000000001e-01
5.737588253908815e-07	9.500000000000001e-01
5.747353878908815e-07	9.500000000000001e-01
5.757119503908816e-07	9.500000000000001e-01
5.766885128908816e-07	9.500000000000001e-01
5.776650753908816e-07	9.500000000000001e-01
5.786416378908816e-07	9.500000000000001e-01
5.796182003908817e-07	9.500000000000001e-01
5.805947628908817e-07	9.500000000000001e-01
5.815713253908817e-07	9.500000000000001e-01
5.825478878908817e-07	9.500000000000001e-01
5.835244503908817e-07	9.500000000000001e-01
5.845010128908818e-07	9.500000000000001e-01
5.854775753908818e-07	9.500000000000001e-01
5.864541378908818e-07	9.500000000000001e-01
5.874307003908818e-07	9.500000000000001e-01
5.884072628908819e-07	9.500000000000001e-01
5.893838253908819e-07	9.500000000000001e-01
5.903603878908819e-07	9.500000000000001e-01
5.913369503908819e-07	9.500000000000001e-01
5.923135128908820e-07	9.500000000000001e-01
5.932900753908820e-07	9.500000000000001e-01
5.942666378908820e-07	9.500000000000001e-01
5.952432003908820e-07	9.500000000000001e-01
5.962197628908821e-07	9.500000000000001e-01
5.971963253908821e-07	9.500000000000001e-01
5.981728878908821e-07	9.500000000000001e-01
5.991494503908821e-07	9.500000000000001e-01
6.001260128908821e-07	9.500000000000001e-01
6.011025753908822e-07	9.500000000000001e-01
6.020791378908822e-07	9.500000000000001e-01
6.030557003908822e-07	9.500000000000001e-01
6.040322628908822e-07	9.500000000000001e-01
6.050088253908823e-07	9.500000000000001e-01
6.059853878908823e-07	9.500000000000001e-01
6.069619503908823e-07	9.500000000000001e-01
6.079385128908823e-07	9.500000000000001e-01
6.089150753908824e-07	9.500000000000001e-01
6.098916378908824e-07	9.500000000000001e-01
6.108682003908824e-07	9.500000000000001e-01
6.118447628908824e-07	9.500000000000001e-01
6.128213253908825e-07	9.500000000000001e-01
6.137978878908825e-07	9.500000000000001e-01
6.147744503908825e-07	9.500000000000001e-01
6.157510128908825e-07	9.500000000000001e-01
6.167275753908826e-07	9.500000000000001e-01
6.177041378908826e-07	9.500000000000001e-01
6.186807003908826e-07	9.500000000000001e-01
6.196572628908826e-07	9.500000000000001e-01
6.206338253908826e-07	9.500000000000001e-01
6.216103878908827e-07	9.500000000000001e-01
6.225869503908827e-07	9.500000000000001e-01
6.235635128908827e-07	9.500000000000001e-01
6.245400753908827e-07	9.500000000000001e-01
6.255166378908828e-07	9.500000000000001e-01
6.264932003908828e-07	9.500000000000001e-01
6.274697628908828e-07	9.500000000000001e-01
6.284463253908828e-07	9.500000000000001e-01
6.294228878908829e-07	9.500000000000001e-01
6.303994503908829e-07	9.500000000000001e-01
6.313760128908829e-07	9.500000000000001e-01
6.323525753908829e-07	9.500000000000001e-01
6.333291378908830e-07	9.500000000000001e-01
6.343057003908830e-07	9.500000000000001e-01
6.352822628908830e-07	9.500000000000001e-01
6.362588253908830e-07	9.500000000000001e-01
6.372353878908831e-07	9.500000000000001e-01
6.382119503908831e-07	9.500000000000001e-01
6.391885128908831e-07	9.500000000000001e-01
6.401650753908831e-07	9.500000000000001e-01
6.411416378908831e-07	9.500000000000001e-01
6.421182003908832e-07	9.500000000000001e-01
6.430947628908832e-07	9.500000000000001e-01
6.440713253908832e-07	9.500000000000001e-01
6.450478878908832e-07	9.500000000000001e-01
6.460244503908833e-07	9.500000000000001e-01
6.470010128908833e-07	9.500000000000001e-01
6.479775753908833e-07	9.500000000000001e-01
6.489541378908833e-07	9.500000000000001e-01
6.499307003908834e-07	9.500000000000001e-01
6.509072628908834e-07	9.500000000000001e-01
6.518838253908834e-07	9.500000000000001e-01
6.528603878908834e-07	9.500000000000001e-01
6.538369503908835e-07	9.500000000000001e-01
6.548135128908835e-07	9.500000000000001e-01
6.557900753908835e-07	9.500000000000001e-01
6.567666378908835e-07	9.500000000000001e-01
6.577432003908835e-07	9.500000000000001e-01
6.587197628908836e-07	9.500000000000001e-01
6.596963253908836e-07	9.500000000000001e-01
6.606728878908836e-07	9.500000000000001e-01
6.616494503908836e-07	9.500000000000001e-01
6.626260128908837e-07	9.500000000000001e-01
6.636025753908837e-07	9.500000000000001e-01
6.645791378908837e-07	9.500000000000001e-01
6.655557003908837e-07	9.500000000000001e-01
6.665322628908838e-07	9.500000000000001e-01
6.675088253908838e-07	9.500000000000001e-01
6.684853878908838e-07	9.500000000000001e-01
6.694619503908838e-07	9.500000000000001e-01
6.704385128908839e-07	9.500000000000001e-01
6.714150753908839e-07	9.500000000000001e-01
6.723916378908839e-07	9.500000000000001e-01
6.733682003908839e-07	9.500000000000001e-01
6.743447628908840e-07	9.500000000000001e-01
6.753213253908840e-07	9.500000000000001e-01
6.762978878908840e-07	9.500000000000001e-01
6.772744503908840e-07	9.500000000000001e-01
6.782510128908840e-07	9.500000000000001e-01
6.792275753908841e-07	9.500000000000001e-01
6.802041378908841e-07	9.500000000000001e-01
6.811807003908841e-07	9.500000000000001e-01
6.821572628908841e-07	9.500000000000001e-01
6.831338253908842e-07	9.500000000000001e-01
6.841103878908842e-07	9.500000000000001e-01
6.850869503908842e-07	9.500000000000001e-01
6.860635128908842e-07	9.500000000000001e-01
6.870400753908843e-07	9.500000000000001e-01
6.880166378908843e-07	9.500000000000001e-01
6.889932003908843e-07	9.500000000000001e-01
6.899697628908843e-07	9.500000000000001e-01
6.909463253908844e-07	9.500000000000001e-01
6.919228878908844e-07	9.500000000000001e-01
6.928994503908844e-07	9.500000000000001e-01
6.938760128908844e-07	9.500000000000001e-01
6.948525753908845e-07	9.500000000000001e-01
6.958291378908845e-07	9.500000000000001e-01
6.968057003908845e-07	9.500000000000001e-01
6.977822628908845e-07	9.500000000000001e-01
6.987588253908845e-07	9.500000000000001e-01
6.997353878908846e-07	9.500000000000001e-01
7.007119503908846e-07	9.500000000000001e-01
7.016885128908846e-07	9.500000000000001e-01
7.026650753908846e-07	9.500000000000001e-01
7.036416378908847e-07	9.500000000000001e-01
7.046182003908847e-07	9.500000000000001e-01
7.055947628908847e-07	9.500000000000001e-01
7.065713253908847e-07	9.500000000000001e-01
7.075478878908848e-07	9.500000000000001e-01
7.085244503908848e-07	9.500000000000001e-01
7.095010128908848e-07	9.500000000000001e-01
7.104775753908848e-07	9.500000000000001e-01
7.114541378908849e-07	9.500000000000001e-01
7.124307003908849e-07	9.500000000000001e-01
7.134072628908849e-07	9.500000000000001e-01
7.143838253908849e-07	9.500000000000001e-01
7.153603878908850e-07	9.500000000000001e-01
7.163369503908850e-07	9.500000000000001e-01
7.173135128908850e-07	9.500000000000001e-01
7.182900753908850e-07	9.500000000000001e-01
7.192666378908850e-07	9.500000000000001e-01
7.202432003908851e-07	9.500000000000001e-01
7.212197628908851e-07	9.500000000000001e-01
7.221963253908851e-07	9.500000000000001e-01
7.231728878908851e-07	9.500000000000001e-01
7.241494503908852e-07	9.500000000000001e-01
7.251260128908852e-07	9.500000000000001e-01
7.261025753908852e-07	9.500000000000001e-01
7.270791378908852e-07	9.500000000000001e-01
7.280557003908853e-07	9.500000000000001e-01
7.290322628908853e-07	9.500000000000001e-01
7.300088253908853e-07	9.500000000000001e-01
7.309853878908853e-07	9.500000000000001e-01
7.319619503908854e-07	9.500000000000001e-01
7.329385128908854e-07	9.500000000000001e-01
7.339150753908854e-07	9.500000000000001e-01
7.348916378908854e-07	9.500000000000001e-01
7.358682003908854e-07	9.500000000000001e-01
7.368447628908855e-07	9.500000000000001e-01
7.378213253908855e-07	9.500000000000001e-01
7.387978878908855e-07	9.500000000000001e-01
7.397744503908855e-07	9.500000000000001e-01
7.407510128908856e-07	9.500000000000001e-01
7.417275753908856e-07	9.500000000000001e-01
7.427041378908856e-07	9.500000000000001e-01
7.436807003908856e-07	9.500000000000001e-01
7.446572628908857e-07	9.500000000000001e-01
7.456338253908857e-07	9.500000000000001e-01
7.466103878908857e-07	9.500000000000001e-01
7.475869503908857e-07	9.500000000000001e-01
7.485635128908858e-07	9.500000000000001e-01
7.495400753908858e-07	9.500000000000001e-01
7.505166378908858e-07	9.500000000000001e-01
7.514932003908858e-07	9.500000000000001e-01
7.524697628908859e-07	9.500000000000001e-01
7.534463253908859e-07	9.500000000000001e-01
7.544228878908859e-07	9.500000000000001e-01
7.553994503908859e-07	9.500000000000001e-01
7.563760128908859e-07	9.500000000000001e-01
7.573525753908860e-07	9.500000000000001e-01
7.583291378908860e-07	9.500000000000001e-01
7.593057003908860e-07	9.500000000000001e-01
7.602822628908860e-07	9.500000000000001e-01
7.612588253908861e-07	9.500000000000001e-01
7.622353878908861e-07	9.500000000000001e-01
7.632119503908861e-07	9.500000000000001e-01
7.641885128908861e-07	9.500000000000001e-01
7.651650753908862e-07	9.500000000000001e-01
7.661416378908862e-07	9.500000000000001e-01
7.671182003908862e-07	9.500000000000001e-01
7.680947628908862e-07	9.500000000000001e-01
7.690713253908863e-07	9.500000000000001e-01
7.700478878908863e-07	9.500000000000001e-01
7.710244503908863e-07	9.500000000000001e-01
7.720010128908863e-07	9.500000000000001e-01
7.729775753908864e-07	9.500000000000001e-01
7.739541378908864e-07	9.500000000000001e-01
7.749307003908864e-07	9.500000000000001e-01
7.759072628908864e-07	9.500000000000001e-01
7.768838253908864e-07	9.500000000000001e-01
7.778603878908865e-07	9.500000000000001e-01
7.788369503908865e-07	9.500000000000001e-01
7.798135128908865e-07	9.500000000000001e-01
7.807900753908865e-07	9.500000000000001e-01
7.817666378908866e-07	9.500000000000001e-01
7.827432003908866e-07	9.500000000000001e-01
7.837197628908866e-07	9.500000000000001e-01
7.846963253908866e-07	9.500000000000001e-01
7.856728878908867e-07	9.500000000000001e-01
7.866494503908867e-07	9.500000000000001e-01
7.876260128908867e-07	9.500000000000001e-01
7.886025753908867e-07	9.500000000000001e-01
7.895791378908868e-07	9.500000000000001e-01
7.905557003908868e-07	9.500000000000001e-01
7.915322628908868e-07	9.500000000000001e-01
7.925088253908868e-07	9.500000000000001e-01
7.934853878908868e-07	9.500000000000001e-01
7.944619503908869e-07	9.500000000000001e-01
7.954385128908869e-07	9.500000000000001e-01
7.964150753908869e-07	9.500000000000001e-01
7.973916378908869e-07	9.500000000000001e-01
7.983682003908870e-07	9.500000000000001e-01
7.993447628908870e-07	9.500000000000001e-01
8.003213253908870e-07	9.500000000000001e-01
8.012978878908870e-07	9.500000000000001e-01
8.022744503908871e-07	9.500000000000001e-01
8.032510128908871e-07	9.500000000000001e-01
8.042275753908871e-07	9.500000000000001e-01
8.052041378908871e-07	9.500000000000001e-01
8.061807003908872e-07	9.500000000000001e-01
8.071572628908872e-07	9.500000000000001e-01
8.081338253908872e-07	9.500000000000001e-01
8.091103878908872e-07	9.500000000000001e-01
8.100869503908873e-07	9.500000000000001e-01
8.110635128908873e-07	9.500000000000001e-01
8.120400753908873e-07	9.500000000000001e-01
8.130166378908873e-07	9.500000000000001e-01
8.139932003908873e-07	9.500000000000001e-01
8.149697628908874e-07	9.500000000000001e-01
8.159463253908874e-07	9.500000000000001e-01
8.169228878908874e-07	9.500000000000001e-01
8.178994503908874e-07	9.500000000000001e-01
8.188760128908875e-07	9.500000000000001e-01
8.198525753908875e-07	9.500000000000001e-01
8.208291378908875e-07	9.500000000000001e-01
8.218057003908875e-07	9.500000000000001e-01
8.227822628908876e-07	9.500000000000001e-01
8.237588253908876e-07	9.500000000000001e-01
8.247353878908876e-07	9.500000000000001e-01
8.257119503908876e-07	9.500000000000001e-01
8.266885128908877e-07	9.500000000000001e-01
8.276650753908877e-07	9.500000000000001e-01
8.286416378908877e-07	9.500000000000001e-01
8.296182003908877e-07	9.500000000000001e-01
8.305947628908878e-07	9.500000000000001e-01
8.315713253908878e-07	9.500000000000001e-01
8.325478878908878e-07	9.500000000000001e-01
8.335244503908878e-07	9.500000000000001e-01
8.345010128908878e-07	9.500000000000001e-01
8.354775753908879e-07	9.500000000000001e-01
8.364541378908879e-07	9.500000000000001e-01
8.374307003908879e-07	9.500000000000001e-01
8.384072628908879e-07	9.500000000000001e-01
8.393838253908880e-07	9.500000000000001e-01
8.403603878908880e-07	9.500000000000001e-01
8.413369503908880e-07	9.500000000000001e-01
8.423135128908880e-07	9.500000000000001e-01
8.432900753908881e-07	9.500000000000001e-01
8.442666378908881e-07	9.500000000000001e-01
8.452432003908881e-07	9.500000000000001e-01
8.462197628908881e-07	9.500000000000001e-01
8.471963253908882e-07	9.500000000000001e-01
8.481728878908882e-07	9.500000000000001e-01
8.491494503908882e-07	9.500000000000001e-01
8.501260128908882e-07	9.500000000000001e-01
8.511025753908882e-07	9.500000000000001e-01
8.520791378908883e-07	9.500000000000001e-01
8.530557003908883e-07	9.500000000000001e-01
8.540322628908883e-07	9.500000000000001e-01
8.550088253908883e-07	9.500000000000001e-01
8.559853878908884e-07	9.500000000000001e-01
8.569619503908884e-07	9.500000000000001e-01
8.579385128908884e-07	9.500000000000001e-01
8.589150753908884e-07	9.500000000000001e-01
8.598916378908885e-07	9.500000000000001e-01
8.608682003908885e-07	9.500000000000001e-01
8.618447628908885e-07	9.500000000000001e-01
8.628213253908885e-07	9.500000000000001e-01
8.637978878908886e-07	9.500000000000001e-01
8.647744503908886e-07	9.500000000000001e-01
8.657510128908886e-07	9.500000000000001e-01
8.667275753908886e-07	9.500000000000001e-01
8.677041378908887e-07	9.500000000000001e-01
8.686807003908887e-07	9.500000000000001e-01
8.696572628908887e-07	9.500000000000001e-01
8.706338253908887e-07	9.500000000000001e-01
8.716103878908887e-07	9.500000000000001e-01
8.725869503908888e-07	9.500000000000001e-01
8.735635128908888e-07	9.500000000000001e-01
8.745400753908888e-07	9.500000000000001e-01
8.755166378908888e-07	9.500000000000001e-01
8.764932003908889e-07	9.500000000000001e-01
8.774697628908889e-07	9.500000000000001e-01
8.784463253908889e-07	9.500000000000001e-01
8.794228878908889e-07	9.500000000000001e-01
8.803994503908890e-07	9.500000000000001e-01
8.813760128908890e-07	9.500000000000001e-01
8.823525753908890e-07	9.500000000000001e-01
8.833291378908890e-07	9.500000000000001e-01
8.843057003908891e-07	9.500000000000001e-01
8.852822628908891e-07	9.500000000000001e-01
8.862588253908891e-07	9.500000000000001e-01
8.872353878908891e-07	9.500000000000001e-01
8.882119503908892e-07	9.500000000000001e-01
8.891885128908892e-07	9.500000000000001e-01
8.901650753908892e-07	9.500000000000001e-01
8.911416378908892e-07	9.500000000000001e-01
8.921182003908892e-07	9.500000000000001e-01
8.930947628908893e-07	9.500000000000001e-01
8.940713253908893e-07	9.500000000000001e-01
8.950478878908893e-07	9.500000000000001e-01
8.960244503908893e-07	9.500000000000001e-01
8.970010128908894e-07	9.500000000000001e-01
8.979775753908894e-07	9.500000000000001e-01
8.989541378908894e-07	9.500000000000001e-01
8.999307003908894e-07	9.500000000000001e-01
9.009072628908895e-07	9.500000000000001e-01
9.018838253908895e-07	9.500000000000001e-01
9.028603878908895e-07	9.500000000000001e-01
9.038369503908895e-07	9.500000000000001e-01
9.048135128908896e-07	9.500000000000001e-01
9.057900753908896e-07	9.500000000000001e-01
9.067666378908896e-07	9.500000000000001e-01
9.077432003908896e-07	9.500000000000001e-01
9.087197628908897e-07	9.500000000000001e-01
9.096963253908897e-07	9.500000000000001e-01
9.106728878908897e-07	9.500000000000001e-01
9.116494503908897e-07	9.500000000000001e-01
9.126260128908897e-07	9.500000000000001e-01
9.136025753908898e-07	9.500000000000001e-01
9.145791378908898e-07	9.500000000000001e-01
9.155557003908898e-07	9.500000000000001e-01
9.165322628908898e-07	9.500000000000001e-01
9.175088253908899e-07	9.500000000000001e-01
9.184853878908899e-07	9.500000000000001e-01
9.194619503908899e-07	9.500000000000001e-01
9.204385128908899e-07	9.500000000000001e-01
9.214150753908900e-07	9.500000000000001e-01
9.223916378908900e-07	9.500000000000001e-01
9.233682003908900e-07	9.500000000000001e-01
9.243447628908900e-07	9.500000000000001e-01
9.253213253908901e-07	9.500000000000001e-01
9.262978878908901e-07	9.500000000000001e-01
9.272744503908901e-07	9.500000000000001e-01
9.282510128908901e-07	9.500000000000001e-01
9.292275753908901e-07	9.500000000000001e-01
9.302041378908902e-07	9.500000000000001e-01
9.311807003908902e-07	9.500000000000001e-01
9.321572628908902e-07	9.500000000000001e-01
9.331338253908902e-07	9.500000000000001e-01
9.341103878908903e-07	9.500000000000001e-01
9.350869503908903e-07	9.500000000000001e-01
9.360635128908903e-07	9.500000000000001e-01
9.370400753908903e-07	9.500000000000001e-01
9.380166378908904e-07	9.500000000000001e-01
9.389932003908904e-07	9.500000000000001e-01
9.399697628908904e-07	9.500000000000001e-01
9.409463253908904e-07	9.500000000000001e-01
9.419228878908905e-07	9.500000000000001e-01
9.428994503908905e-07	9.500000000000001e-01
9.438760128908905e-07	9.500000000000001e-01
9.448525753908905e-07	9.500000000000001e-01
9.458291378908906e-07	9.500000000000001e-01
9.468057003908906e-07	9.500000000000001e-01
9.477822628908906e-07	9.500000000000001e-01
9.487588253908906e-07	9.500000000000001e-01
9.497353878908906e-07	9.500000000000001e-01
9.507119503908907e-07	9.500000000000001e-01
9.516885128908907e-07	9.500000000000001e-01
9.526650753908907e-07	9.500000000000001e-01
9.536416378908907e-07	9.500000000000001e-01
9.546182003908908e-07	9.500000000000001e-01
9.555947628908907e-07	9.500000000000001e-01
9.565713253908906e-07	9.500000000000001e-01
9.575478878908905e-07	9.500000000000001e-01
9.585244503908904e-07	9.500000000000001e-01
9.595010128908904e-07	9.500000000000001e-01
9.604775753908903e-07	9.500000000000001e-01
9.614541378908902e-07	9.500000000000001e-01
9.624307003908901e-07	9.500000000000001e-01
9.634072628908900e-07	9.500000000000001e-01
9.643838253908899e-07	9.500000000000001e-01
9.653603878908899e-07	9.500000000000001e-01
9.663369503908898e-07	9.500000000000001e-01
9.673135128908897e-07	9.500000000000001e-01
9.682900753908896e-07	9.500000000000001e-01
9.692666378908895e-07	9.500000000000001e-01
9.702432003908895e-07	9.500000000000001e-01
9.712197628908894e-07	9.500000000000001e-01
9.721963253908893e-07	9.500000000000001e-01
9.731728878908892e-07	9.500000000000001e-01
9.741494503908891e-07	9.500000000000001e-01
9.751260128908890e-07	9.500000000000001e-01
9.761025753908890e-07	9.500000000000001e-01
9.770791378908889e-07	9.500000000000001e-01
9.780557003908888e-07	9.500000000000001e-01
9.790322628908887e-07	9.500000000000001e-01
9.800088253908886e-07	9.500000000000001e-01
9.809853878908885e-07	9.500000000000001e-01
9.819619503908885e-07	9.500000000000001e-01
9.829385128908884e-07	9.500000000000001e-01
9.839150753908883e-07	9.500000000000001e-01
9.848916378908882e-07	9.500000000000001e-01
9.858682003908881e-07	9.500000000000001e-01
9.868447628908881e-07	9.500000000000001e-01
9.878213253908880e-07	9.500000000000001e-01
9.887978878908879e-07	9.500000000000001e-01
9.897744503908878e-07	9.500000000000001e-01
9.907510128908877e-07	9.500000000000001e-01
9.917275753908876e-07	9.500000000000001e-01
9.927041378908876e-07	9.500000000000001e-01
9.936807003908875e-07	9.500000000000001e-01
9.946572628908874e-07	9.500000000000001e-01
9.956338253908873e-07	9.500000000000001e-01
9.966103878908872e-07	9.500000000000001e-01
9.975869503908872e-07	9.500000000000001e-01
9.985635128908871e-07	9.500000000000001e-01
9.995400753908870e-07	9.500000000000001e-01
1.000000000000000e-06	9.500000000000001e-01
