time	final_out
0.000000000000000e+00	1.283939193397414e+00
9.765624960978488e-15	1.283939193397414e+00
1.953124992195698e-14	1.283939193397414e+00
3.906249984391395e-14	1.283939193397414e+00
7.812499968782791e-14	1.283939193397414e+00
1.562499993756558e-13	1.283939193397415e+00
3.124999987513116e-13	1.283939193397415e+00
6.249999975026233e-13	1.283939193397415e+00
1.249999995005247e-12	1.283939193397415e+00
2.499999990010493e-12	1.283939193397416e+00
4.999999980020986e-12	1.283939193397416e+00
9.999999960041972e-12	1.283939193397417e+00
1.999999992008394e-11	1.283939193397417e+00
3.999999984016789e-11	1.283939193397417e+00
7.999999968033578e-11	1.283939193397415e+00
1.599999993606716e-10	1.283939193397411e+00
3.199999987213431e-10	1.283939193397401e+00
6.399999974426862e-10	1.283939193397394e+00
9.999999999999999e-10	1.283939193397420e+00
1.063999999744268e-09	1.283939193397428e+00
1.191999999232806e-09	1.283939193397444e+00
1.447999998209880e-09	1.283939193397482e+00
1.959999996164029e-09	1.283939193406828e+00
2.000000000000000e-09	1.283939193408404e+00
2.080000007671941e-09	1.283939193413333e+00
2.240000023015823e-09	1.283939193427615e+00
2.560000053703587e-09	1.283939193520200e+00
3.200000115079116e-09	1.283939195790078e+00
4.176562615079116e-09	1.283939240701930e+00
5.153125115079116e-09	1.283939472558955e+00
6.129687615079115e-09	1.283940213007934e+00
7.106250115079115e-09	1.283941958161225e+00
8.082812615079116e-09	1.283945278673976e+00
9.059375115079116e-09	1.283950675832778e+00
1.003593761507912e-08	1.283958463403811e+00
1.100000000000000e-08	1.283968563064799e+00
1.109765625000000e-08	1.283969729141552e+00
1.129296875000000e-08	1.283972108474277e+00
1.168359375000000e-08	1.283977233694838e+00
1.200000000000000e-08	1.283981933355815e+00
1.206601920806123e-08	1.283983023319469e+00
1.219805762418370e-08	1.283985292303980e+00
1.246213445642863e-08	1.283990407852149e+00
1.299028812091850e-08	1.284002445042526e+00
1.370166847282703e-08	1.284018556824945e+00
1.467823097282703e-08	1.284031682124184e+00
1.565479347282703e-08	1.284032514665373e+00
1.663135597282703e-08	1.284025607928672e+00
1.760791847282703e-08	1.284015692436594e+00
1.858448097282703e-08	1.284005926820838e+00
1.956104347282703e-08	1.283997772663758e+00
2.053760597282703e-08	1.283991276325629e+00
2.151416847282703e-08	1.283986574645227e+00
2.249073097282703e-08	1.283984401385329e+00
2.346729347282703e-08	1.283985512891958e+00
2.444385597282703e-08	1.283990189056187e+00
2.542041847282703e-08	1.283998270919381e+00
2.639698097282703e-08	1.284009272579988e+00
2.737354347282703e-08	1.284022441484902e+00
2.835010597282703e-08	1.284036939285286e+00
2.932666847282703e-08	1.284051970501104e+00
3.030323097282703e-08	1.284066838347644e+00
3.127979347282703e-08	1.284080973530182e+00
3.225635597282703e-08	1.284093932233768e+00
3.323291847282702e-08	1.284105390548833e+00
3.420948097282702e-08	1.284115132724794e+00
3.518604347282702e-08	1.284123036187099e+00
3.616260597282702e-08	1.284129057609106e+00
3.713916847282701e-08	1.284133218196525e+00
3.811573097282701e-08	1.284135590579689e+00
3.909229347282701e-08	1.284136286624309e+00
4.006885597282700e-08	1.284135446364300e+00
4.104541847282700e-08	1.284133228412156e+00
4.202198097282700e-08	1.284129801554986e+00
4.299854347282700e-08	1.284125337792619e+00
4.397510597282699e-08	1.284120006670615e+00
4.495166847282699e-08	1.284113970860660e+00
4.592823097282699e-08	1.284107382916098e+00
4.690479347282699e-08	1.284100383033567e+00
4.788135597282698e-08	1.284093097709067e+00
4.885791847282698e-08	1.284085639121771e+00
4.983448097282698e-08	1.284078105103580e+00
5.081104347282697e-08	1.284070579559346e+00
5.178760597282697e-08	1.284063133210854e+00
5.276416847282697e-08	1.284055824562161e+00
5.374073097282697e-08	1.284048700996481e+00
5.471729347282696e-08	1.284041799934420e+00
5.569385597282696e-08	1.284035149999624e+00
5.667041847282696e-08	1.284028772150885e+00
5.764698097282696e-08	1.284022680753357e+00
5.862354347282695e-08	1.284016884570302e+00
5.960010597282695e-08	1.284011387665490e+00
6.057666847282695e-08	1.284006190211965e+00
6.155323097282694e-08	1.284001289207675e+00
6.252979347282694e-08	1.283996679101338e+00
6.350635597282694e-08	1.283992352334307e+00
6.448291847282694e-08	1.283988299805057e+00
6.545948097282693e-08	1.283984511263923e+00
6.643604347282693e-08	1.283980975645451e+00
6.741260597282693e-08	1.283977681345940e+00
6.838916847282693e-08	1.283974616452947e+00
6.936573097282692e-08	1.283971768933417e+00
7.034229347282692e-08	1.283969126786063e+00
7.131885597282692e-08	1.283966678163452e+00
7.229541847282691e-08	1.283964411468205e+00
7.327198097282691e-08	1.283962315427563e+00
7.424854347282691e-08	1.283960379149634e+00
7.522510597282691e-08	1.283958592164549e+00
7.620166847282690e-08	1.283956944452922e+00
7.717823097282690e-08	1.283955426464026e+00
7.815479347282690e-08	1.283954029125356e+00
7.913135597282690e-08	1.283952743845412e+00
8.010791847282689e-08	1.283951562510841e+00
8.108448097282689e-08	1.283950477479235e+00
8.206104347282689e-08	1.283949481568327e+00
8.303760597282688e-08	1.283948568042591e+00
8.401416847282688e-08	1.283947730597711e+00
8.499073097282688e-08	1.283946963343668e+00
8.596729347282688e-08	1.283946260786700e+00
8.694385597282687e-08	1.283945617810729e+00
8.792041847282687e-08	1.283945029658362e+00
8.889698097282687e-08	1.283944491911913e+00
8.987354347282687e-08	1.283944000474463e+00
9.085010597282686e-08	1.283943551551293e+00
9.182666847282686e-08	1.283943141631665e+00
9.280323097282686e-08	1.283942767471223e+00
9.377979347282685e-08	1.283942426074917e+00
9.475635597282685e-08	1.283942114680649e+00
9.573291847282685e-08	1.283941830743540e+00
9.670948097282685e-08	1.283941571921004e+00
9.768604347282684e-08	1.283941336058493e+00
9.866260597282684e-08	1.283941121176070e+00
9.963916847282684e-08	1.283940925455642e+00
1.006157309728268e-07	1.283940747229022e+00
1.015922934728268e-07	1.283940584966610e+00
1.025688559728268e-07	1.283940437266871e+00
1.035454184728268e-07	1.283940302846405e+00
1.045219809728268e-07	1.283940180530742e+00
1.054985434728268e-07	1.283940069245688e+00
1.064751059728268e-07	1.283939968009340e+00
1.074516684728268e-07	1.283939875924593e+00
1.084282309728268e-07	1.283939792172262e+00
1.094047934728268e-07	1.283939716004620e+00
1.103813559728268e-07	1.283939646739512e+00
1.113579184728268e-07	1.283939583754823e+00
1.123344809728268e-07	1.283939526483455e+00
1.133110434728268e-07	1.283939474408617e+00
1.142876059728268e-07	1.283939427059559e+00
1.152641684728268e-07	1.283939384007579e+00
1.162407309728268e-07	1.283939344862411e+00
1.172172934728268e-07	1.283939309268850e+00
1.181938559728268e-07	1.283939276903719e+00
1.191704184728268e-07	1.283939247473019e+00
1.201469809728268e-07	1.283939220709383e+00
1.211235434728268e-07	1.283939196369681e+00
1.221001059728268e-07	1.283939174232898e+00
1.230766684728268e-07	1.283939154098120e+00
1.240532309728268e-07	1.283939135782763e+00
1.250297934728268e-07	1.283939119120892e+00
1.260063559728268e-07	1.283939103961755e+00
1.269829184728268e-07	1.283939090168370e+00
1.279594809728268e-07	1.283939077616312e+00
1.289360434728268e-07	1.283939066192538e+00
1.299126059728268e-07	1.283939055794380e+00
1.308891684728268e-07	1.283939046328566e+00
1.318657309728268e-07	1.283939037710394e+00
1.328422934728268e-07	1.283939029862910e+00
1.338188559728268e-07	1.283939022716237e+00
1.347954184728268e-07	1.283939016206888e+00
1.357719809728267e-07	1.283939010277211e+00
1.367485434728267e-07	1.283939004874820e+00
1.377251059728267e-07	1.283938999952145e+00
1.387016684728267e-07	1.283938995465952e+00
1.396782309728267e-07	1.283938991376978e+00
1.406547934728267e-07	1.283938987649527e+00
1.416313559728267e-07	1.283938984251185e+00
1.426079184728267e-07	1.283938981152476e+00
1.435844809728267e-07	1.283938978326626e+00
1.445610434728267e-07	1.283938975749279e+00
1.455376059728267e-07	1.283938973398310e+00
1.465141684728267e-07	1.283938971253588e+00
1.474907309728267e-07	1.283938969296821e+00
1.484672934728267e-07	1.283938967511356e+00
1.494438559728267e-07	1.283938965882063e+00
1.504204184728267e-07	1.283938964395158e+00
1.513969809728267e-07	1.283938963038114e+00
1.523735434728267e-07	1.283938961799521e+00
1.533501059728267e-07	1.283938960669004e+00
1.543266684728267e-07	1.283938959637102e+00
1.553032309728267e-07	1.283938958695214e+00
1.562797934728267e-07	1.283938957835494e+00
1.572563559728267e-07	1.283938957050811e+00
1.582329184728267e-07	1.283938956334651e+00
1.592094809728267e-07	1.283938955681091e+00
1.601860434728267e-07	1.283938955084718e+00
1.611626059728267e-07	1.283938954540617e+00
1.621391684728267e-07	1.283938954044286e+00
1.631157309728267e-07	1.283938953591638e+00
1.640922934728267e-07	1.283938953178926e+00
1.650688559728267e-07	1.283938952802747e+00
1.660454184728267e-07	1.283938952459982e+00
1.670219809728267e-07	1.283938952147798e+00
1.679985434728267e-07	1.283938951863595e+00
1.689751059728267e-07	1.283938951605010e+00
1.699516684728267e-07	1.283938951369872e+00
1.709282309728267e-07	1.283938951156211e+00
1.719047934728266e-07	1.283938950962215e+00
1.728813559728266e-07	1.283938950786242e+00
1.738579184728266e-07	1.283938950626776e+00
1.748344809728266e-07	1.283938950482443e+00
1.758110434728266e-07	1.283938950351974e+00
1.767876059728266e-07	1.283938950234222e+00
1.777641684728266e-07	1.283938950128122e+00
1.787407309728266e-07	1.283938950032716e+00
1.797172934728266e-07	1.283938949947113e+00
1.806938559728266e-07	1.283938949870509e+00
1.816704184728266e-07	1.283938949802156e+00
1.826469809728266e-07	1.283938949741379e+00
1.836235434728266e-07	1.283938949687550e+00
1.846001059728266e-07	1.283938949640107e+00
1.855766684728266e-07	1.283938949598520e+00
1.865532309728266e-07	1.283938949562317e+00
1.875297934728266e-07	1.283938949531051e+00
1.885063559728266e-07	1.283938949504327e+00
1.894829184728266e-07	1.283938949481768e+00
1.904594809728266e-07	1.283938949463045e+00
1.914360434728266e-07	1.283938949447839e+00
1.924126059728266e-07	1.283938949435871e+00
1.933891684728266e-07	1.283938949426872e+00
1.943657309728266e-07	1.283938949420610e+00
1.953422934728266e-07	1.283938949416858e+00
1.963188559728266e-07	1.283938949415420e+00
1.972954184728266e-07	1.283938949416103e+00
1.982719809728266e-07	1.283938949418743e+00
1.992485434728266e-07	1.283938949423176e+00
2.002251059728266e-07	1.283938949429267e+00
2.012016684728266e-07	1.283938949436876e+00
2.021782309728266e-07	1.283938949445884e+00
2.031547934728266e-07	1.283938949456171e+00
2.041313559728266e-07	1.283938949467643e+00
2.051079184728266e-07	1.283938949480200e+00
2.060844809728266e-07	1.283938949493765e+00
2.070610434728266e-07	1.283938949508250e+00
2.080376059728265e-07	1.283938949523586e+00
2.090141684728265e-07	1.283938949539700e+00
2.099907309728265e-07	1.283938949556534e+00
2.109672934728265e-07	1.283938949574025e+00
2.119438559728265e-07	1.283938949592127e+00
2.129204184728265e-07	1.283938949610784e+00
2.138969809728265e-07	1.283938949629960e+00
2.148735434728265e-07	1.283938949649607e+00
2.158501059728265e-07	1.283938949669692e+00
2.168266684728265e-07	1.283938949690175e+00
2.178032309728265e-07	1.283938949711031e+00
2.187797934728265e-07	1.283938949732224e+00
2.197563559728265e-07	1.283938949753732e+00
2.207329184728265e-07	1.283938949775524e+00
2.217094809728265e-07	1.283938949797583e+00
2.226860434728265e-07	1.283938949819881e+00
2.236626059728265e-07	1.283938949842405e+00
2.246391684728265e-07	1.283938949865130e+00
2.256157309728265e-07	1.283938949888047e+00
2.265922934728265e-07	1.283938949911133e+00
2.275688559728265e-07	1.283938949934382e+00
2.285454184728265e-07	1.283938949957772e+00
2.295219809728265e-07	1.283938949981297e+00
2.304985434728265e-07	1.283938950004941e+00
2.314751059728265e-07	1.283938950028701e+00
2.324516684728265e-07	1.283938950052561e+00
2.334282309728265e-07	1.283938950076518e+00
2.344047934728265e-07	1.283938950100558e+00
2.353813559728265e-07	1.283938950124681e+00
2.363579184728265e-07	1.283938950148873e+00
2.373344809728265e-07	1.283938950173133e+00
2.383110434728265e-07	1.283938950197451e+00
2.392876059728265e-07	1.283938950221824e+00
2.402641684728265e-07	1.283938950246244e+00
2.412407309728265e-07	1.283938950270713e+00
2.422172934728265e-07	1.283938950295220e+00
2.431938559728266e-07	1.283938950319766e+00
2.441704184728266e-07	1.283938950344343e+00
2.451469809728266e-07	1.283938950368953e+00
2.461235434728266e-07	1.283938950393589e+00
2.471001059728267e-07	1.283938950418251e+00
2.480766684728267e-07	1.283938950442930e+00
2.490532309728267e-07	1.283938950467630e+00
2.500297934728267e-07	1.283938950492343e+00
2.510063559728267e-07	1.283938950517074e+00
2.519829184728268e-07	1.283938950541816e+00
2.529594809728268e-07	1.283938950566573e+00
2.539360434728268e-07	1.283938950591335e+00
2.549126059728268e-07	1.283938950616109e+00
2.558891684728269e-07	1.283938950640887e+00
2.568657309728269e-07	1.283938950665673e+00
2.578422934728269e-07	1.283938950690462e+00
2.588188559728269e-07	1.283938950715257e+00
2.597954184728270e-07	1.283938950740052e+00
2.607719809728270e-07	1.283938950764852e+00
2.617485434728270e-07	1.283938950789651e+00
2.627251059728270e-07	1.283938950814452e+00
2.637016684728271e-07	1.283938950839248e+00
2.646782309728271e-07	1.283938950864046e+00
2.656547934728271e-07	1.283938950888841e+00
2.666313559728271e-07	1.283938950913636e+00
2.676079184728271e-07	1.283938950938427e+00
2.685844809728272e-07	1.283938950963218e+00
2.695610434728272e-07	1.283938950988000e+00
2.705376059728272e-07	1.283938951012778e+00
2.715141684728272e-07	1.283938951037551e+00
2.724907309728273e-07	1.283938951062321e+00
2.734672934728273e-07	1.283938951087081e+00
2.744438559728273e-07	1.283938951111838e+00
2.754204184728273e-07	1.283938951136589e+00
2.763969809728274e-07	1.283938951161336e+00
2.773735434728274e-07	1.283938951186075e+00
2.783501059728274e-07	1.283938951210808e+00
2.793266684728274e-07	1.283938951235531e+00
2.803032309728275e-07	1.283938951260249e+00
2.812797934728275e-07	1.283938951284957e+00
2.822563559728275e-07	1.283938951309660e+00
2.832329184728275e-07	1.283938951334356e+00
2.842094809728276e-07	1.283938951359046e+00
2.851860434728276e-07	1.283938951383725e+00
2.861626059728276e-07	1.283938951408398e+00
2.871391684728276e-07	1.283938951433060e+00
2.881157309728276e-07	1.283938951457716e+00
2.890922934728277e-07	1.283938951482364e+00
2.900688559728277e-07	1.283938951507008e+00
2.910454184728277e-07	1.283938951531640e+00
2.920219809728277e-07	1.283938951556266e+00
2.929985434728278e-07	1.283938951580883e+00
2.939751059728278e-07	1.283938951605495e+00
2.949516684728278e-07	1.283938951630098e+00
2.959282309728278e-07	1.283938951654693e+00
2.969047934728279e-07	1.283938951679275e+00
2.978813559728279e-07	1.283938951703851e+00
2.988579184728279e-07	1.283938951728417e+00
2.998344809728279e-07	1.283938951752974e+00
3.008110434728280e-07	1.283938951777522e+00
3.017876059728280e-07	1.283938951802063e+00
3.027641684728280e-07	1.283938951826594e+00
3.037407309728280e-07	1.283938951851116e+00
3.047172934728281e-07	1.283938951875626e+00
3.056938559728281e-07	1.283938951900130e+00
3.066704184728281e-07	1.283938951924622e+00
3.076469809728281e-07	1.283938951949108e+00
3.086235434728281e-07	1.283938951973583e+00
3.096001059728282e-07	1.283938951998051e+00
3.105766684728282e-07	1.283938952022509e+00
3.115532309728282e-07	1.283938952046962e+00
3.125297934728282e-07	1.283938952071405e+00
3.135063559728283e-07	1.283938952095841e+00
3.144829184728283e-07	1.283938952120265e+00
3.154594809728283e-07	1.283938952144680e+00
3.164360434728283e-07	1.283938952169082e+00
3.174126059728284e-07	1.283938952193477e+00
3.183891684728284e-07	1.283938952217863e+00
3.193657309728284e-07	1.283938952242243e+00
3.203422934728284e-07	1.283938952266613e+00
3.213188559728285e-07	1.283938952290977e+00
3.222954184728285e-07	1.283938952315330e+00
3.232719809728285e-07	1.283938952339674e+00
3.242485434728285e-07	1.283938952364007e+00
3.252251059728285e-07	1.283938952388334e+00
3.262016684728286e-07	1.283938952412652e+00
3.271782309728286e-07	1.283938952436964e+00
3.281547934728286e-07	1.283938952461266e+00
3.291313559728286e-07	1.283938952485561e+00
3.301079184728287e-07	1.283938952509844e+00
3.310844809728287e-07	1.283938952534120e+00
3.320610434728287e-07	1.283938952558385e+00
3.330376059728287e-07	1.283938952582643e+00
3.340141684728288e-07	1.283938952606891e+00
3.349907309728288e-07	1.283938952631132e+00
3.359672934728288e-07	1.283938952655360e+00
3.369438559728288e-07	1.283938952679581e+00
3.379204184728289e-07	1.283938952703791e+00
3.388969809728289e-07	1.283938952727992e+00
3.398735434728289e-07	1.283938952752182e+00
3.408501059728289e-07	1.283938952776366e+00
3.418266684728290e-07	1.283938952800541e+00
3.428032309728290e-07	1.283938952824711e+00
3.437797934728290e-07	1.283938952848873e+00
3.447563559728290e-07	1.283938952873028e+00
3.457329184728290e-07	1.283938952897173e+00
3.467094809728291e-07	1.283938952921312e+00
3.476860434728291e-07	1.283938952945439e+00
3.486626059728291e-07	1.283938952969558e+00
3.496391684728291e-07	1.283938952993664e+00
3.506157309728292e-07	1.283938953017762e+00
3.515922934728292e-07	1.283938953041850e+00
3.525688559728292e-07	1.283938953065930e+00
3.535454184728292e-07	1.283938953090001e+00
3.545219809728293e-07	1.283938953114065e+00
3.554985434728293e-07	1.283938953138117e+00
3.564751059728293e-07	1.283938953162163e+00
3.574516684728293e-07	1.283938953186198e+00
3.584282309728294e-07	1.283938953210226e+00
3.594047934728294e-07	1.283938953234245e+00
3.603813559728294e-07	1.283938953258256e+00
3.613579184728294e-07	1.283938953282258e+00
3.623344809728295e-07	1.283938953306252e+00
3.633110434728295e-07	1.283938953330238e+00
3.642876059728295e-07	1.283938953354217e+00
3.652641684728295e-07	1.283938953378185e+00
3.662407309728295e-07	1.283938953402145e+00
3.672172934728296e-07	1.283938953426096e+00
3.681938559728296e-07	1.283938953450040e+00
3.691704184728296e-07	1.283938953473976e+00
3.701469809728296e-07	1.283938953497905e+00
3.711235434728297e-07	1.283938953521824e+00
3.721001059728297e-07	1.283938953545733e+00
3.730766684728297e-07	1.283938953569631e+00
3.740532309728297e-07	1.283938953593521e+00
3.750297934728298e-07	1.283938953617402e+00
3.760063559728298e-07	1.283938953641274e+00
3.769829184728298e-07	1.283938953665137e+00
3.779594809728298e-07	1.283938953688994e+00
3.789360434728299e-07	1.283938953712842e+00
3.799126059728299e-07	1.283938953736682e+00
3.808891684728299e-07	1.283938953760511e+00
3.818657309728299e-07	1.283938953784333e+00
3.828422934728299e-07	1.283938953808145e+00
3.838188559728300e-07	1.283938953831950e+00
3.847954184728300e-07	1.283938953855746e+00
3.857719809728300e-07	1.283938953879534e+00
3.867485434728300e-07	1.283938953903311e+00
3.877251059728301e-07	1.283938953927081e+00
3.887016684728301e-07	1.283938953950843e+00
3.896782309728301e-07	1.283938953974598e+00
3.906547934728301e-07	1.283938953998342e+00
3.916313559728302e-07	1.283938954022080e+00
3.926079184728302e-07	1.283938954045808e+00
3.935844809728302e-07	1.283938954069528e+00
3.945610434728302e-07	1.283938954093240e+00
3.955376059728303e-07	1.283938954116944e+00
3.965141684728303e-07	1.283938954140639e+00
3.974907309728303e-07	1.283938954164326e+00
3.984672934728303e-07	1.283938954188005e+00
3.994438559728304e-07	1.283938954211676e+00
4.000000000000000e-07	1.283938954225152e+00
4.000976562500000e-07	1.283938954227518e+00
4.002929687500000e-07	1.283938954232250e+00
4.006835937500000e-07	1.283938954241164e+00
4.010000000000000e-07	1.283938954244992e+00
4.010781250000000e-07	1.283938954244218e+00
4.012343750000000e-07	1.283938954239596e+00
4.015468750000000e-07	1.283938954178951e+00
4.021718750000000e-07	1.283938952155246e+00
4.031484375000000e-07	1.283938908072691e+00
4.041250000000000e-07	1.283938680469416e+00
4.051015625000001e-07	1.283937964032199e+00
4.060781250000001e-07	1.283936311372481e+00
4.070546875000001e-07	1.283933247283752e+00
4.080312500000001e-07	1.283928407324705e+00
4.090078125000001e-07	1.283921628490162e+00
4.099843750000002e-07	1.283912970025056e+00
4.100000000000000e-07	1.283912816908780e+00
4.100312499999996e-07	1.283912508565110e+00
4.100937499999989e-07	1.283911888530184e+00
4.102187499999975e-07	1.283910628613365e+00
4.104687499999947e-07	1.283908022559638e+00
4.109687499999890e-07	1.283902152246225e+00
4.110000000000000e-07	1.283901748457801e+00
4.110625000000219e-07	1.283900904713446e+00
4.111875000000658e-07	1.283899152886242e+00
4.114375000001536e-07	1.283895239350852e+00
4.119375000003292e-07	1.283886331043081e+00
4.126261118833887e-07	1.283875637163431e+00
4.136026743833887e-07	1.283872661195118e+00
4.145792368833887e-07	1.283884898367319e+00
4.155557993833888e-07	1.283905351186726e+00
4.165323618833888e-07	1.283926805518397e+00
4.175089243833888e-07	1.283944377040876e+00
4.184854868833888e-07	1.283955441471872e+00
4.194620493833889e-07	1.283959486073874e+00
4.204386118833889e-07	1.283957072605357e+00
4.214151743833889e-07	1.283949279702739e+00
4.223917368833889e-07	1.283937331956526e+00
4.233682993833890e-07	1.283922375422776e+00
4.243448618833890e-07	1.283905441139782e+00
4.253214243833890e-07	1.283887400652377e+00
4.262979868833890e-07	1.283868982449401e+00
4.272745493833891e-07	1.283850785338335e+00
4.282511118833891e-07	1.283833288676939e+00
4.292276743833891e-07	1.283816869820654e+00
4.302042368833891e-07	1.283801811979392e+00
4.311807993833891e-07	1.283788315828807e+00
4.321573618833892e-07	1.283776509029237e+00
4.331339243833892e-07	1.283766455506135e+00
4.341104868833892e-07	1.283758165761815e+00
4.350870493833892e-07	1.283751606140322e+00
4.360636118833893e-07	1.283746708315519e+00
4.370401743833893e-07	1.283743377870142e+00
4.380167368833893e-07	1.283741501987709e+00
4.389932993833893e-07	1.283740956214622e+00
4.399698618833894e-07	1.283741610021176e+00
4.409464243833894e-07	1.283743331368391e+00
4.419229868833894e-07	1.283745990240308e+00
4.428995493833894e-07	1.283749461287054e+00
4.438761118833895e-07	1.283753625708705e+00
4.448526743833895e-07	1.283758372484851e+00
4.458292368833895e-07	1.283763599095958e+00
4.468057993833895e-07	1.283769211834974e+00
4.477823618833896e-07	1.283775125813494e+00
4.487589243833896e-07	1.283781264746241e+00
4.497354868833896e-07	1.283787560579857e+00
4.507120493833896e-07	1.283793953023539e+00
4.516886118833896e-07	1.283800389021993e+00
4.526651743833897e-07	1.283806822203433e+00
4.536417368833897e-07	1.283813212325526e+00
4.546182993833897e-07	1.283819524735057e+00
4.555948618833897e-07	1.283825729852017e+00
4.565714243833898e-07	1.283831802684119e+00
4.575479868833898e-07	1.283837722374878e+00
4.585245493833898e-07	1.283843471786133e+00
4.595011118833898e-07	1.283849037114296e+00
4.604776743833899e-07	1.283854407538817e+00
4.614542368833899e-07	1.283859574900656e+00
4.624307993833899e-07	1.283864533408452e+00
4.634073618833899e-07	1.283869279369963e+00
4.643839243833900e-07	1.283873810946503e+00
4.653604868833900e-07	1.283878127928240e+00
4.663370493833900e-07	1.283882231528493e+00
4.673136118833900e-07	1.283886124195342e+00
4.682901743833901e-07	1.283889809439142e+00
4.692667368833901e-07	1.283893291674669e+00
4.702432993833901e-07	1.283896576076885e+00
4.712198618833901e-07	1.283899668449350e+00
4.721964243833901e-07	1.283902575104536e+00
4.731729868833902e-07	1.283905302755286e+00
4.741495493833902e-07	1.283907858416819e+00
4.751261118833902e-07	1.283910249318656e+00
4.761026743833902e-07	1.283912482825923e+00
4.770792368833903e-07	1.283914566369472e+00
4.780557993833903e-07	1.283916507384332e+00
4.790323618833903e-07	1.283918313255902e+00
4.800089243833903e-07	1.283919991273446e+00
4.809854868833904e-07	1.283921548590315e+00
4.819620493833904e-07	1.283922992190427e+00
4.829386118833904e-07	1.283924328860472e+00
4.839151743833904e-07	1.283925565167387e+00
4.848917368833905e-07	1.283926707440572e+00
4.858682993833905e-07	1.283927761758434e+00
4.868448618833905e-07	1.283928733938752e+00
4.878214243833905e-07	1.283929629532482e+00
4.887979868833905e-07	1.283930453820561e+00
4.897745493833906e-07	1.283931211813346e+00
4.907511118833906e-07	1.283931908252306e+00
4.917276743833906e-07	1.283932547613673e+00
4.927042368833906e-07	1.283933134113700e+00
4.936807993833907e-07	1.283933671715280e+00
4.946573618833907e-07	1.283934164135642e+00
4.956339243833907e-07	1.283934614854930e+00
4.966104868833907e-07	1.283935027125432e+00
4.975870493833908e-07	1.283935403981292e+00
4.985636118833908e-07	1.283935748248537e+00
4.995401743833908e-07	1.283936062555299e+00
5.005167368833908e-07	1.283936349342073e+00
5.014932993833909e-07	1.283936610871971e+00
5.024698618833909e-07	1.283936849240822e+00
5.034464243833909e-07	1.283937066387087e+00
5.044229868833909e-07	1.283937264101521e+00
5.053995493833910e-07	1.283937444036535e+00
5.063761118833910e-07	1.283937607715219e+00
5.073526743833910e-07	1.283937756539997e+00
5.083292368833910e-07	1.283937891800905e+00
5.093057993833910e-07	1.283938014683472e+00
5.102823618833911e-07	1.283938126276200e+00
5.112589243833911e-07	1.283938227577641e+00
5.122354868833911e-07	1.283938319503072e+00
5.132120493833911e-07	1.283938402890783e+00
5.141886118833912e-07	1.283938478507964e+00
5.151651743833912e-07	1.283938547056239e+00
5.161417368833912e-07	1.283938609176817e+00
5.171182993833912e-07	1.283938665455314e+00
5.180948618833913e-07	1.283938716426228e+00
5.190714243833913e-07	1.283938762577114e+00
5.200479868833913e-07	1.283938804352439e+00
5.210245493833913e-07	1.283938842157177e+00
5.220011118833914e-07	1.283938876360113e+00
5.229776743833914e-07	1.283938907296914e+00
5.239542368833914e-07	1.283938935272939e+00
5.249307993833914e-07	1.283938960565861e+00
5.259073618833915e-07	1.283938983428054e+00
5.268839243833915e-07	1.283939004088811e+00
5.278604868833915e-07	1.283939022756355e+00
5.288370493833915e-07	1.283939039619716e+00
5.298136118833915e-07	1.283939054850417e+00
5.307901743833916e-07	1.283939068604057e+00
5.317667368833916e-07	1.283939081021727e+00
5.327432993833916e-07	1.283939092231325e+00
5.337198618833916e-07	1.283939102348749e+00
5.346964243833917e-07	1.283939111478996e+00
5.356729868833917e-07	1.283939119717151e+00
5.366495493833917e-07	1.283939127149304e+00
5.376261118833917e-07	1.283939133853376e+00
5.386026743833918e-07	1.283939139899879e+00
5.395792368833918e-07	1.283939145352606e+00
5.405557993833918e-07	1.283939150269256e+00
5.415323618833918e-07	1.283939154701999e+00
5.425089243833919e-07	1.283939158698003e+00
5.434854868833919e-07	1.283939162299893e+00
5.444620493833919e-07	1.283939165546190e+00
5.454386118833919e-07	1.283939168471691e+00
5.464151743833919e-07	1.283939171107834e+00
5.473917368833920e-07	1.283939173483007e+00
5.483682993833920e-07	1.283939175622844e+00
5.493448618833920e-07	1.283939177550486e+00
5.503214243833920e-07	1.283939179286822e+00
5.512979868833921e-07	1.283939180850704e+00
5.522745493833921e-07	1.283939182259146e+00
5.532511118833921e-07	1.283939183527493e+00
5.542276743833921e-07	1.283939184669594e+00
5.552042368833922e-07	1.283939185697938e+00
5.561807993833922e-07	1.283939186623789e+00
5.571573618833922e-07	1.283939187457302e+00
5.581339243833922e-07	1.283939188207637e+00
5.591104868833923e-07	1.283939188883047e+00
5.600870493833923e-07	1.283939189490974e+00
5.610636118833923e-07	1.283939190038127e+00
5.620401743833923e-07	1.283939190530554e+00
5.630167368833924e-07	1.283939190973700e+00
5.639932993833924e-07	1.283939191372478e+00
5.649698618833924e-07	1.283939191731310e+00
5.659464243833924e-07	1.283939192054183e+00
5.669229868833924e-07	1.283939192344680e+00
5.678995493833925e-07	1.283939192606037e+00
5.688761118833925e-07	1.283939192841163e+00
5.698526743833925e-07	1.283939193052684e+00
5.708292368833925e-07	1.283939193242960e+00
5.718057993833926e-07	1.283939193414118e+00
5.727823618833926e-07	1.283939193568067e+00
5.737589243833926e-07	1.283939193706535e+00
5.747354868833926e-07	1.283939193831070e+00
5.757120493833927e-07	1.283939193943075e+00
5.766886118833927e-07	1.283939194043802e+00
5.776651743833927e-07	1.283939194134385e+00
5.786417368833927e-07	1.283939194215843e+00
5.796182993833928e-07	1.283939194289093e+00
5.805948618833928e-07	1.283939194354961e+00
5.815714243833928e-07	1.283939194414186e+00
5.825479868833928e-07	1.283939194467434e+00
5.835245493833929e-07	1.283939194515308e+00
5.845011118833929e-07	1.283939194558348e+00
5.854776743833929e-07	1.283939194597045e+00
5.864542368833929e-07	1.283939194631831e+00
5.874307993833929e-07	1.283939194663103e+00
5.884073618833930e-07	1.283939194691212e+00
5.893839243833930e-07	1.283939194716478e+00
5.903604868833930e-07	1.283939194739188e+00
5.913370493833930e-07	1.283939194759603e+00
5.923136118833931e-07	1.283939194777952e+00
5.932901743833931e-07	1.283939194794443e+00
5.942667368833931e-07	1.283939194809264e+00
5.952432993833931e-07	1.283939194822584e+00
5.962198618833932e-07	1.283939194834554e+00
5.971964243833932e-07	1.283939194845311e+00
5.981729868833932e-07	1.283939194854977e+00
5.991495493833932e-07	1.283939194863662e+00
6.001261118833933e-07	1.283939194871465e+00
6.011026743833933e-07	1.283939194878475e+00
6.020792368833933e-07	1.283939194884772e+00
6.030557993833933e-07	1.283939194890429e+00
6.040323618833933e-07	1.283939194895509e+00
6.050089243833934e-07	1.283939194900072e+00
6.059854868833934e-07	1.283939194904169e+00
6.069620493833934e-07	1.283939194907850e+00
6.079386118833934e-07	1.283939194911154e+00
6.089151743833935e-07	1.283939194914122e+00
6.098917368833935e-07	1.283939194916786e+00
6.108682993833935e-07	1.283939194919178e+00
6.118448618833935e-07	1.283939194921325e+00
6.128214243833936e-07	1.283939194923251e+00
6.137979868833936e-07	1.283939194924978e+00
6.147745493833936e-07	1.283939194926528e+00
6.157511118833936e-07	1.283939194927918e+00
6.167276743833937e-07	1.283939194929165e+00
6.177042368833937e-07	1.283939194930282e+00
6.186807993833937e-07	1.283939194931285e+00
6.196573618833937e-07	1.283939194932183e+00
6.206339243833938e-07	1.283939194932989e+00
6.216104868833938e-07	1.283939194933711e+00
6.225870493833938e-07	1.283939194934357e+00
6.235636118833938e-07	1.283939194934935e+00
6.245401743833938e-07	1.283939194935451e+00
6.255167368833939e-07	1.283939194935912e+00
6.264932993833939e-07	1.283939194936324e+00
6.274698618833939e-07	1.283939194936692e+00
6.284464243833939e-07	1.283939194937019e+00
6.294229868833940e-07	1.283939194937310e+00
6.303995493833940e-07	1.283939194937569e+00
6.313761118833940e-07	1.283939194937800e+00
6.323526743833940e-07	1.283939194938005e+00
6.333292368833941e-07	1.283939194938187e+00
6.343057993833941e-07	1.283939194938348e+00
6.352823618833941e-07	1.283939194938490e+00
6.362589243833941e-07	1.283939194938615e+00
6.372354868833942e-07	1.283939194938725e+00
6.382120493833942e-07	1.283939194938821e+00
6.391886118833942e-07	1.283939194938904e+00
6.401651743833942e-07	1.283939194938978e+00
6.411417368833943e-07	1.283939194939041e+00
6.421182993833943e-07	1.283939194939097e+00
6.430948618833943e-07	1.283939194939143e+00
6.440714243833943e-07	1.283939194939183e+00
6.450479868833943e-07	1.283939194939217e+00
6.460245493833944e-07	1.283939194939245e+00
6.470011118833944e-07	1.283939194939267e+00
6.479776743833944e-07	1.283939194939285e+00
6.489542368833944e-07	1.283939194939299e+00
6.499307993833945e-07	1.283939194939308e+00
6.509073618833945e-07	1.283939194939312e+00
6.518839243833945e-07	1.283939194939314e+00
6.528604868833945e-07	1.283939194939313e+00
6.538370493833946e-07	1.283939194939311e+00
6.548136118833946e-07	1.283939194939307e+00
6.557901743833946e-07	1.283939194939301e+00
6.567667368833946e-07	1.283939194939291e+00
6.577432993833947e-07	1.283939194939281e+00
6.587198618833947e-07	1.283939194939268e+00
6.596964243833947e-07	1.283939194939256e+00
6.606729868833947e-07	1.283939194939243e+00
6.616495493833948e-07	1.283939194939229e+00
6.626261118833948e-07	1.283939194939213e+00
6.636026743833948e-07	1.283939194939197e+00
6.645792368833948e-07	1.283939194939178e+00
6.655557993833948e-07	1.283939194939161e+00
6.665323618833949e-07	1.283939194939143e+00
6.675089243833949e-07	1.283939194939124e+00
6.684854868833949e-07	1.283939194939103e+00
6.694620493833949e-07	1.283939194939083e+00
6.704386118833950e-07	1.283939194939063e+00
6.714151743833950e-07	1.283939194939044e+00
6.723917368833950e-07	1.283939194939022e+00
6.733682993833950e-07	1.283939194939000e+00
6.743448618833951e-07	1.283939194938978e+00
6.753214243833951e-07	1.283939194938957e+00
6.762979868833951e-07	1.283939194938934e+00
6.772745493833951e-07	1.283939194938911e+00
6.782511118833952e-07	1.283939194938890e+00
6.792276743833952e-07	1.283939194938869e+00
6.802042368833952e-07	1.283939194938847e+00
6.811807993833952e-07	1.283939194938825e+00
6.821573618833952e-07	1.283939194938802e+00
6.831339243833953e-07	1.283939194938779e+00
6.841104868833953e-07	1.283939194938757e+00
6.850870493833953e-07	1.283939194938735e+00
6.860636118833953e-07	1.283939194938712e+00
6.870401743833954e-07	1.283939194938689e+00
6.880167368833954e-07	1.283939194938665e+00
6.889932993833954e-07	1.283939194938642e+00
6.899698618833954e-07	1.283939194938620e+00
6.909464243833955e-07	1.283939194938597e+00
6.919229868833955e-07	1.283939194938574e+00
6.928995493833955e-07	1.283939194938551e+00
6.938761118833955e-07	1.283939194938528e+00
6.948526743833956e-07	1.283939194938505e+00
6.958292368833956e-07	1.283939194938481e+00
6.968057993833956e-07	1.283939194938459e+00
6.977823618833956e-07	1.283939194938436e+00
6.987589243833957e-07	1.283939194938412e+00
6.997354868833957e-07	1.283939194938389e+00
7.007120493833957e-07	1.283939194938366e+00
7.016886118833957e-07	1.283939194938343e+00
7.026651743833957e-07	1.283939194938319e+00
7.036417368833958e-07	1.283939194938294e+00
7.046182993833958e-07	1.283939194938269e+00
7.055948618833958e-07	1.283939194938243e+00
7.065714243833958e-07	1.283939194938217e+00
7.075479868833959e-07	1.283939194938192e+00
7.085245493833959e-07	1.283939194938169e+00
7.095011118833959e-07	1.283939194938146e+00
7.104776743833959e-07	1.283939194938124e+00
7.114542368833960e-07	1.283939194938102e+00
7.124307993833960e-07	1.283939194938078e+00
7.134073618833960e-07	1.283939194938054e+00
7.143839243833960e-07	1.283939194938030e+00
7.153604868833961e-07	1.283939194938007e+00
7.163370493833961e-07	1.283939194937983e+00
7.173136118833961e-07	1.283939194937959e+00
7.182901743833961e-07	1.283939194937935e+00
7.192667368833962e-07	1.283939194937910e+00
7.202432993833962e-07	1.283939194937887e+00
7.212198618833962e-07	1.283939194937864e+00
7.221964243833962e-07	1.283939194937840e+00
7.231729868833962e-07	1.283939194937815e+00
7.241495493833963e-07	1.283939194937792e+00
7.251261118833963e-07	1.283939194937768e+00
7.261026743833963e-07	1.283939194937745e+00
7.270792368833963e-07	1.283939194937721e+00
7.280557993833964e-07	1.283939194937699e+00
7.290323618833964e-07	1.283939194937676e+00
7.300089243833964e-07	1.283939194937653e+00
7.309854868833964e-07	1.283939194937630e+00
7.319620493833965e-07	1.283939194937606e+00
7.329386118833965e-07	1.283939194937582e+00
7.339151743833965e-07	1.283939194937558e+00
7.348917368833965e-07	1.283939194937533e+00
7.358682993833966e-07	1.283939194937510e+00
7.368448618833966e-07	1.283939194937487e+00
7.378214243833966e-07	1.283939194937464e+00
7.387979868833966e-07	1.283939194937439e+00
7.397745493833966e-07	1.283939194937415e+00
7.407511118833967e-07	1.283939194937392e+00
7.417276743833967e-07	1.283939194937368e+00
7.427042368833967e-07	1.283939194937343e+00
7.436807993833967e-07	1.283939194937319e+00
7.446573618833968e-07	1.283939194937295e+00
7.456339243833968e-07	1.283939194937271e+00
7.466104868833968e-07	1.283939194937248e+00
7.475870493833968e-07	1.283939194937224e+00
7.485636118833969e-07	1.283939194937200e+00
7.495401743833969e-07	1.283939194937177e+00
7.505167368833969e-07	1.283939194937153e+00
7.514932993833969e-07	1.283939194937128e+00
7.524698618833970e-07	1.283939194937104e+00
7.534464243833970e-07	1.283939194937080e+00
7.544229868833970e-07	1.283939194937056e+00
7.553995493833970e-07	1.283939194937032e+00
7.563761118833971e-07	1.283939194937009e+00
7.573526743833971e-07	1.283939194936985e+00
7.583292368833971e-07	1.283939194936961e+00
7.593057993833971e-07	1.283939194936936e+00
7.602823618833971e-07	1.283939194936910e+00
7.612589243833972e-07	1.283939194936884e+00
7.622354868833972e-07	1.283939194936858e+00
7.632120493833972e-07	1.283939194936833e+00
7.641886118833972e-07	1.283939194936807e+00
7.651651743833973e-07	1.283939194936782e+00
7.661417368833973e-07	1.283939194936758e+00
7.671182993833973e-07	1.283939194936734e+00
7.680948618833973e-07	1.283939194936712e+00
7.690714243833974e-07	1.283939194936690e+00
7.700479868833974e-07	1.283939194936668e+00
7.710245493833974e-07	1.283939194936645e+00
7.720011118833974e-07	1.283939194936622e+00
7.729776743833975e-07	1.283939194936598e+00
7.739542368833975e-07	1.283939194936575e+00
7.749307993833975e-07	1.283939194936552e+00
7.759073618833975e-07	1.283939194936529e+00
7.768839243833976e-07	1.283939194936505e+00
7.778604868833976e-07	1.283939194936480e+00
7.788370493833976e-07	1.283939194936456e+00
7.798136118833976e-07	1.283939194936430e+00
7.807901743833976e-07	1.283939194936404e+00
7.817667368833977e-07	1.283939194936379e+00
7.827432993833977e-07	1.283939194936355e+00
7.837198618833977e-07	1.283939194936331e+00
7.846964243833977e-07	1.283939194936309e+00
7.856729868833978e-07	1.283939194936286e+00
7.866495493833978e-07	1.283939194936264e+00
7.876261118833978e-07	1.283939194936242e+00
7.886026743833978e-07	1.283939194936219e+00
7.895792368833979e-07	1.283939194936194e+00
7.905557993833979e-07	1.283939194936169e+00
7.915323618833979e-07	1.283939194936145e+00
7.925089243833979e-07	1.283939194936122e+00
7.934854868833980e-07	1.283939194936099e+00
7.944620493833980e-07	1.283939194936075e+00
7.954386118833980e-07	1.283939194936051e+00
7.964151743833980e-07	1.283939194936027e+00
7.973917368833980e-07	1.283939194936003e+00
7.983682993833981e-07	1.283939194935979e+00
7.993448618833981e-07	1.283939194935954e+00
8.003214243833981e-07	1.283939194935931e+00
8.012979868833981e-07	1.283939194935908e+00
8.022745493833982e-07	1.283939194935883e+00
8.032511118833982e-07	1.283939194935857e+00
8.042276743833982e-07	1.283939194935831e+00
8.052042368833982e-07	1.283939194935806e+00
8.061807993833983e-07	1.283939194935781e+00
8.071573618833983e-07	1.283939194935757e+00
8.081339243833983e-07	1.283939194935734e+00
8.091104868833983e-07	1.283939194935712e+00
8.100870493833984e-07	1.283939194935690e+00
8.110636118833984e-07	1.283939194935668e+00
8.120401743833984e-07	1.283939194935646e+00
8.130167368833984e-07	1.283939194935623e+00
8.139932993833985e-07	1.283939194935598e+00
8.149698618833985e-07	1.283939194935573e+00
8.159464243833985e-07	1.283939194935549e+00
8.169229868833985e-07	1.283939194935526e+00
8.178995493833985e-07	1.283939194935503e+00
8.188761118833986e-07	1.283939194935481e+00
8.198526743833986e-07	1.283939194935457e+00
8.208292368833986e-07	1.283939194935433e+00
8.218057993833986e-07	1.283939194935410e+00
8.227823618833987e-07	1.283939194935386e+00
8.237589243833987e-07	1.283939194935364e+00
8.247354868833987e-07	1.283939194935341e+00
8.257120493833987e-07	1.283939194935317e+00
8.266886118833988e-07	1.283939194935293e+00
8.276651743833988e-07	1.283939194935270e+00
8.286417368833988e-07	1.283939194935248e+00
8.296182993833988e-07	1.283939194935224e+00
8.305948618833989e-07	1.283939194935200e+00
8.315714243833989e-07	1.283939194935175e+00
8.325479868833989e-07	1.283939194935151e+00
8.335245493833989e-07	1.283939194935128e+00
8.345011118833990e-07	1.283939194935104e+00
8.354776743833990e-07	1.283939194935082e+00
8.364542368833990e-07	1.283939194935060e+00
8.374307993833990e-07	1.283939194935037e+00
8.384073618833990e-07	1.283939194935014e+00
8.393839243833991e-07	1.283939194934991e+00
8.403604868833991e-07	1.283939194934969e+00
8.413370493833991e-07	1.283939194934946e+00
8.423136118833991e-07	1.283939194934922e+00
8.432901743833992e-07	1.283939194934898e+00
8.442667368833992e-07	1.283939194934875e+00
8.452432993833992e-07	1.283939194934852e+00
8.462198618833992e-07	1.283939194934827e+00
8.471964243833993e-07	1.283939194934802e+00
8.481729868833993e-07	1.283939194934777e+00
8.491495493833993e-07	1.283939194934751e+00
8.501261118833993e-07	1.283939194934723e+00
8.511026743833994e-07	1.283939194934697e+00
8.520792368833994e-07	1.283939194934671e+00
8.530557993833994e-07	1.283939194934646e+00
8.540323618833994e-07	1.283939194934622e+00
8.550089243833995e-07	1.283939194934599e+00
8.559854868833995e-07	1.283939194934576e+00
8.569620493833995e-07	1.283939194934553e+00
8.579386118833995e-07	1.283939194934530e+00
8.589151743833995e-07	1.283939194934509e+00
8.598917368833996e-07	1.283939194934487e+00
8.608682993833996e-07	1.283939194934465e+00
8.618448618833996e-07	1.283939194934443e+00
8.628214243833996e-07	1.283939194934420e+00
8.637979868833997e-07	1.283939194934397e+00
8.647745493833997e-07	1.283939194934374e+00
8.657511118833997e-07	1.283939194934351e+00
8.667276743833997e-07	1.283939194934328e+00
8.677042368833998e-07	1.283939194934302e+00
8.686807993833998e-07	1.283939194934277e+00
8.696573618833998e-07	1.283939194934253e+00
8.706339243833998e-07	1.283939194934229e+00
8.716104868833999e-07	1.283939194934204e+00
8.725870493833999e-07	1.283939194934180e+00
8.735636118833999e-07	1.283939194934157e+00
8.745401743833999e-07	1.283939194934135e+00
8.755167368833999e-07	1.283939194934112e+00
8.764932993834000e-07	1.283939194934090e+00
8.774698618834000e-07	1.283939194934068e+00
8.784464243834000e-07	1.283939194934046e+00
8.794229868834000e-07	1.283939194934022e+00
8.803995493834001e-07	1.283939194933999e+00
8.813761118834001e-07	1.283939194933977e+00
8.823526743834001e-07	1.283939194933954e+00
8.833292368834001e-07	1.283939194933931e+00
8.843057993834002e-07	1.283939194933908e+00
8.852823618834002e-07	1.283939194933885e+00
8.862589243834002e-07	1.283939194933861e+00
8.872354868834002e-07	1.283939194933839e+00
8.882120493834003e-07	1.283939194933816e+00
8.891886118834003e-07	1.283939194933793e+00
8.901651743834003e-07	1.283939194933770e+00
8.911417368834003e-07	1.283939194933748e+00
8.921182993834004e-07	1.283939194933726e+00
8.930948618834004e-07	1.283939194933703e+00
8.940714243834004e-07	1.283939194933680e+00
8.950479868834004e-07	1.283939194933657e+00
8.960245493834004e-07	1.283939194933633e+00
8.970011118834005e-07	1.283939194933608e+00
8.979776743834005e-07	1.283939194933583e+00
8.989542368834005e-07	1.283939194933557e+00
8.999307993834005e-07	1.283939194933532e+00
9.009073618834006e-07	1.283939194933507e+00
9.018839243834006e-07	1.283939194933483e+00
9.028604868834006e-07	1.283939194933458e+00
9.038370493834006e-07	1.283939194933432e+00
9.048136118834007e-07	1.283939194933406e+00
9.057901743834007e-07	1.283939194933381e+00
9.067667368834007e-07	1.283939194933357e+00
9.077432993834007e-07	1.283939194933332e+00
9.087198618834008e-07	1.283939194933308e+00
9.096964243834008e-07	1.283939194933285e+00
9.106729868834008e-07	1.283939194933261e+00
9.116495493834008e-07	1.283939194933237e+00
9.126261118834009e-07	1.283939194933213e+00
9.136026743834009e-07	1.283939194933188e+00
9.145792368834009e-07	1.283939194933164e+00
9.155557993834009e-07	1.283939194933138e+00
9.165323618834009e-07	1.283939194933114e+00
9.175089243834010e-07	1.283939194933091e+00
9.184854868834010e-07	1.283939194933067e+00
9.194620493834010e-07	1.283939194933043e+00
9.204386118834010e-07	1.283939194933019e+00
9.214151743834011e-07	1.283939194932995e+00
9.223917368834011e-07	1.283939194932970e+00
9.233682993834011e-07	1.283939194932946e+00
9.243448618834011e-07	1.283939194932922e+00
9.253214243834012e-07	1.283939194932899e+00
9.262979868834012e-07	1.283939194932875e+00
9.272745493834012e-07	1.283939194932851e+00
9.282511118834012e-07	1.283939194932828e+00
9.292276743834013e-07	1.283939194932805e+00
9.302042368834013e-07	1.283939194932782e+00
9.311807993834013e-07	1.283939194932759e+00
9.321573618834013e-07	1.283939194932736e+00
9.331339243834013e-07	1.283939194932713e+00
9.341104868834014e-07	1.283939194932690e+00
9.350870493834014e-07	1.283939194932668e+00
9.360636118834014e-07	1.283939194932646e+00
9.370401743834014e-07	1.283939194932623e+00
9.380167368834015e-07	1.283939194932598e+00
9.389932993834015e-07	1.283939194932575e+00
9.399698618834015e-07	1.283939194932552e+00
9.409464243834015e-07	1.283939194932530e+00
9.419229868834016e-07	1.283939194932507e+00
9.428995493834016e-07	1.283939194932483e+00
9.438761118834016e-07	1.283939194932458e+00
9.448526743834016e-07	1.283939194932434e+00
9.458292368834017e-07	1.283939194932410e+00
9.468057993834017e-07	1.283939194932386e+00
9.477823618834017e-07	1.283939194932362e+00
9.487589243834017e-07	1.283939194932339e+00
9.497354868834018e-07	1.283939194932316e+00
9.507120493834018e-07	1.283939194932292e+00
9.516886118834018e-07	1.283939194932267e+00
9.526651743834018e-07	1.283939194932243e+00
9.536417368834018e-07	1.283939194932219e+00
9.546182993834018e-07	1.283939194932195e+00
9.555948618834017e-07	1.283939194932171e+00
9.565714243834016e-07	1.283939194932147e+00
9.575479868834015e-07	1.283939194932123e+00
9.585245493834014e-07	1.283939194932098e+00
9.595011118834014e-07	1.283939194932073e+00
9.604776743834013e-07	1.283939194932048e+00
9.614542368834012e-07	1.283939194932024e+00
9.624307993834011e-07	1.283939194932001e+00
9.634073618834010e-07	1.283939194931979e+00
9.643839243834009e-07	1.283939194931957e+00
9.653604868834009e-07	1.283939194931935e+00
9.663370493834008e-07	1.283939194931913e+00
9.673136118834007e-07	1.283939194931890e+00
9.682901743834006e-07	1.283939194931867e+00
9.692667368834005e-07	1.283939194931843e+00
9.702432993834005e-07	1.283939194931820e+00
9.712198618834004e-07	1.283939194931796e+00
9.721964243834003e-07	1.283939194931772e+00
9.731729868834002e-07	1.283939194931749e+00
9.741495493834001e-07	1.283939194931726e+00
9.751261118834000e-07	1.283939194931704e+00
9.761026743834000e-07	1.283939194931682e+00
9.770792368833999e-07	1.283939194931659e+00
9.780557993833998e-07	1.283939194931635e+00
9.790323618833997e-07	1.283939194931610e+00
9.800089243833996e-07	1.283939194931585e+00
9.809854868833995e-07	1.283939194931559e+00
9.819620493833995e-07	1.283939194931535e+00
9.829386118833994e-07	1.283939194931511e+00
9.839151743833993e-07	1.283939194931486e+00
9.848917368833992e-07	1.283939194931462e+00
9.858682993833991e-07	1.283939194931437e+00
9.868448618833991e-07	1.283939194931414e+00
9.878214243833990e-07	1.283939194931392e+00
9.887979868833989e-07	1.283939194931370e+00
9.897745493833988e-07	1.283939194931348e+00
9.907511118833987e-07	1.283939194931325e+00
9.917276743833986e-07	1.283939194931303e+00
9.927042368833986e-07	1.283939194931281e+00
9.936807993833985e-07	1.283939194931258e+00
9.946573618833984e-07	1.283939194931234e+00
9.956339243833983e-07	1.283939194931211e+00
9.966104868833982e-07	1.283939194931187e+00
9.975870493833982e-07	1.283939194931163e+00
9.985636118833981e-07	1.283939194931139e+00
9.995401743833980e-07	1.283939194931115e+00
1.000000000000000e-06	1.283939194931104e+00
