time	final_out
0.000000000000000e+00	3.035408783764057e-03
4.882812480489244e-15	3.035408783764267e-03
9.765624960978488e-15	3.035408783764351e-03
1.953124992195698e-14	3.035408783764374e-03
3.906249984391395e-14	3.035408783764554e-03
7.812499968782791e-14	3.035408783766179e-03
1.562499993756558e-13	3.035408783769199e-03
3.124999987513116e-13	3.035408783774346e-03
6.249999975026233e-13	3.035408783785303e-03
1.249999995005247e-12	3.035408783808737e-03
2.499999990010493e-12	3.035408783853054e-03
4.999999980020986e-12	3.035408783931458e-03
9.999999960041972e-12	3.035408784066676e-03
1.999999992008394e-11	3.035408784305702e-03
3.999999984016789e-11	3.035408784727612e-03
7.999999968033578e-11	3.035408785440061e-03
1.599999993606716e-10	3.035408786519566e-03
3.199999987213431e-10	3.035408787691218e-03
6.399999974426862e-10	3.035408787596914e-03
9.999999999999999e-10	3.035408785396197e-03
1.005723433871515e-09	3.035408785350861e-03
1.017170301614546e-09	3.035408785259463e-03
1.040064037100608e-09	3.035408785075665e-03
1.085851508072732e-09	3.035408784705180e-03
1.136712506414506e-09	3.035408784293332e-03
1.205372012585057e-09	3.035408783741193e-03
1.290516743910240e-09	3.035408783067236e-03
1.433682095235954e-09	3.035408781975587e-03
1.639189075972184e-09	3.035408780562353e-03
1.897867237675027e-09	3.035408779089303e-03
2.000000000000000e-09	3.035408778603841e-03
2.023917534513948e-09	3.035408778503546e-03
2.071752603541846e-09	3.035408778311323e-03
2.167422741597640e-09	3.035408777962781e-03
2.332359713951085e-09	3.035408777465573e-03
2.491320066933629e-09	3.035408777160087e-03
2.518734305642652e-09	3.035408777131226e-03
2.573562783060698e-09	3.035408777091240e-03
2.683219737896791e-09	3.035408777088566e-03
2.902533647568977e-09	3.035408776696241e-03
3.152608194449707e-09	3.035408773391768e-03
3.190336808941064e-09	3.035408772379046e-03
3.265794037923777e-09	3.035408770032694e-03
3.284658345169456e-09	3.035408769327046e-03
3.285247854770883e-09	3.035408769305106e-03
3.286426873973738e-09	3.035408769260984e-03
3.286721628774452e-09	3.035408769250163e-03
3.286795317474630e-09	3.035408769247134e-03
3.286942694874987e-09	3.035408769241228e-03
3.287237449675700e-09	3.035408769229863e-03
3.287311138375879e-09	3.035408769227010e-03
3.287458515776236e-09	3.035408769221405e-03
3.287753270576949e-09	3.035408769210332e-03
3.288342780178377e-09	3.035408769188082e-03
3.289521799381231e-09	3.035408769143899e-03
3.291879837786941e-09	3.035408769055700e-03
3.296595914598361e-09	3.035408768874432e-03
3.306028068221200e-09	3.035408768502489e-03
3.324892375466879e-09	3.035408767734112e-03
3.362620989958235e-09	3.035408766104469e-03
3.372053143581075e-09	3.035408765675135e-03
3.374411181986784e-09	3.035408765566918e-03
3.379127258798204e-09	3.035408765349762e-03
3.388559412421043e-09	3.035408764912835e-03
3.390917450826753e-09	3.035408764802903e-03
3.395633527638173e-09	3.035408764583145e-03
3.405065681261012e-09	3.035408764140396e-03
3.423929988506690e-09	3.035408763246068e-03
3.461658602998047e-09	3.035408761456487e-03
3.462837622200902e-09	3.035408761399860e-03
3.465195660606612e-09	3.035408761287166e-03
3.465785170208039e-09	3.035408761259217e-03
3.466964189410894e-09	3.035408761203286e-03
3.467258944211608e-09	3.035408761189133e-03
3.467848453813035e-09	3.035408761161466e-03
3.469027473015890e-09	3.035408761106734e-03
3.471385511421600e-09	3.035408760995554e-03
3.476101588233019e-09	3.035408760773506e-03
3.485533741855858e-09	3.035408760334686e-03
3.504398049101537e-09	3.035408759479607e-03
3.542126663592894e-09	3.035408757911134e-03
3.551558817215733e-09	3.035408757564869e-03
3.570423124461411e-09	3.035408756917139e-03
3.608151738952768e-09	3.035408755949627e-03
3.617583892575608e-09	3.035408755803863e-03
3.636448199821286e-09	3.035408755593185e-03
3.674176814312643e-09	3.035408755737925e-03
3.749634043295357e-09	3.035408759237418e-03
3.768498350541035e-09	3.035408761120260e-03
3.806226965032392e-09	3.035408765786710e-03
3.815659118655231e-09	3.035408767306524e-03
3.818017157060941e-09	3.035408767694283e-03
3.822733233872360e-09	3.035408768486061e-03
3.822880611272717e-09	3.035408768511624e-03
3.823175366073431e-09	3.035408768562386e-03
3.823249054773609e-09	3.035408768575385e-03
3.823267476948654e-09	3.035408768578843e-03
3.823304321298743e-09	3.035408768585514e-03
3.823313532386265e-09	3.035408768587119e-03
3.823331954561310e-09	3.035408768590307e-03
3.823331963556513e-09	3.035408768590308e-03
3.823466074007257e-09	3.035408768697531e-03
3.823495876329645e-09	3.035408768709219e-03
3.823555480974421e-09	3.035408768709422e-03
3.823674690263971e-09	3.035408768712170e-03
3.823913108843073e-09	3.035408768718727e-03
3.824389946001276e-09	3.035408768756643e-03
3.825343620317682e-09	3.035408768873838e-03
3.827250968950495e-09	3.035408769162719e-03
3.827727806108698e-09	3.035408769242925e-03
3.828681480425104e-09	3.035408769406817e-03
3.830588829057917e-09	3.035408769748768e-03
3.830648433702692e-09	3.035408769759814e-03
3.830767642992243e-09	3.035408769782105e-03
3.830797445314631e-09	3.035408769787455e-03
3.830857049959407e-09	3.035408769797764e-03
3.830976259248957e-09	3.035408769818101e-03
3.831006061571345e-09	3.035408769823798e-03
3.831065666216121e-09	3.035408769835166e-03
3.831184875505672e-09	3.035408769857609e-03
3.831423294084773e-09	3.035408769901688e-03
3.831900131242976e-09	3.035408769989299e-03
3.832853805559382e-09	3.035408770167133e-03
3.834761154192195e-09	3.035408770526494e-03
3.838575851457820e-09	3.035408771263957e-03
3.846205245989070e-09	3.035408772807374e-03
3.861464035051570e-09	3.035408776186731e-03
3.891981613176570e-09	3.035408784231701e-03
3.953016769426570e-09	3.035408806291234e-03
4.075087081926570e-09	3.035408881629720e-03
4.319227706926570e-09	3.035409210946486e-03
4.380262863176570e-09	3.035409346737441e-03
4.502333175676570e-09	3.035409657612978e-03
4.502810012834772e-09	3.035409658981775e-03
4.503763687151179e-09	3.035409661721890e-03
4.504002105730280e-09	3.035409662408233e-03
4.504478942888483e-09	3.035409663781042e-03
4.504598152178034e-09	3.035409664123813e-03
4.504627954500422e-09	3.035409664210037e-03
4.504635405081019e-09	3.035409664231729e-03
4.504650306242212e-09	3.035409664275345e-03
4.504680108564600e-09	3.035409664362543e-03
4.504680110383589e-09	3.035409664362549e-03
4.504680110871871e-09	3.035409664362550e-03
4.504681973517020e-09	3.035409664369257e-03
4.504683836162170e-09	3.035409664376146e-03
4.504683894369831e-09	3.035409664376320e-03
4.504683896188820e-09	3.035409664376325e-03
4.504684129019464e-09	3.035409664377175e-03
4.504684129507745e-09	3.035409664377177e-03
4.504684362338389e-09	3.035409664378018e-03
4.504684827999676e-09	3.035409664379543e-03
4.504684831637655e-09	3.035409664379589e-03
4.504685064468299e-09	3.035409664380434e-03
4.504685122675960e-09	3.035409664380608e-03
4.504685355506604e-09	3.035409664381757e-03
4.504687218151753e-09	3.035409664388605e-03
4.504690943442051e-09	3.035409664400952e-03
4.504698394022648e-09	3.035409664422182e-03
4.504713295183842e-09	3.035409664463804e-03
4.504743097506230e-09	3.035409664548877e-03
4.504802702151005e-09	3.035409664719709e-03
4.504921911440556e-09	3.035409665061990e-03
4.505160330019658e-09	3.035409665746859e-03
4.505637167177861e-09	3.035409667119541e-03
4.506590841494267e-09	3.035409669871133e-03
4.508498190127080e-09	3.035409675389943e-03
4.512312887392704e-09	3.035409686488114e-03
4.519942281923955e-09	3.035409708908154e-03
4.535201070986455e-09	3.035409754615376e-03
4.565718649111455e-09	3.035409849373766e-03
4.626753805361455e-09	3.035410050898568e-03
4.748824117861454e-09	3.035410484276236e-03
4.992964742861454e-09	3.035411192828007e-03
5.481245992861455e-09	3.035406814085193e-03
5.802371697319365e-09	3.035394471036434e-03
6.010540213566348e-09	3.035378723946061e-03
6.192233211317013e-09	3.035357588023445e-03
6.402692404380828e-09	3.035321716443317e-03
6.555639705283367e-09	3.035286367322940e-03
6.704447705247050e-09	3.035243022167611e-03
6.845892929987034e-09	3.035192521905238e-03
7.000762425725487e-09	3.035125552038316e-03
7.149704981512321e-09	3.035048448267609e-03
7.381359821801194e-09	3.034900896461108e-03
7.617432393735475e-09	3.034712579430576e-03
7.840857780455558e-09	3.034495403832866e-03
7.990753999151673e-09	3.034326546435497e-03
8.113355447223116e-09	3.034173214763179e-03
8.263796935859257e-09	3.033963935076189e-03
8.392565803854445e-09	3.033763697935397e-03
8.514822363540092e-09	3.033552235393395e-03
8.643454841340020e-09	3.033302726577153e-03
8.758316975080302e-09	3.033051877225984e-03
8.853917861325483e-09	3.032819123166016e-03
8.974423476288496e-09	3.032488573986648e-03
9.106141290148217e-09	3.032071171104134e-03
9.297059965325369e-09	3.031337305492933e-03
9.522526519188348e-09	3.030226633995962e-03
9.769974952798496e-09	3.028627424247565e-03
1.010507636212437e-08	3.025670076539261e-03
1.031922893382429e-08	3.023231997338606e-03
1.045010198833115e-08	3.021507650403407e-03
1.054900310754677e-08	3.020080302643590e-03
1.066019679306838e-08	3.018344340508635e-03
1.077293218900883e-08	3.016440506702060e-03
1.088089259795675e-08	3.014480375088535e-03
1.100000000000000e-08	3.012161820457090e-03
1.101392704546805e-08	3.011878907641722e-03
1.104178113640416e-08	3.011308615652642e-03
1.109748931827638e-08	3.010141301265949e-03
1.116337091011270e-08	3.008714941129503e-03
1.123924829302331e-08	3.007010972649256e-03
1.135550674509019e-08	3.004275980822494e-03
1.148358570948754e-08	3.001095126307110e-03
1.159666373646199e-08	2.998145824950109e-03
1.173170711374843e-08	2.994452878326565e-03
1.187201998027170e-08	2.990416977699984e-03
1.200000000000000e-08	2.986556906848811e-03
1.202188212618952e-08	2.985877272338761e-03
1.206564637856855e-08	2.984508003616819e-03
1.215317488332662e-08	2.981710649360399e-03
1.228415954108316e-08	2.977384958544166e-03
1.242621054693102e-08	2.972522047991415e-03
1.271031255862674e-08	2.962439788055314e-03
1.302661008184046e-08	2.951127001966687e-03
1.331238850590751e-08	2.941434403136723e-03
1.367748829412704e-08	2.930602807564636e-03
1.403498443104180e-08	2.921962788327456e-03
1.417795074664869e-08	2.919017056298899e-03
1.428582023881242e-08	2.916939828142240e-03
1.441184654506328e-08	2.914624469341303e-03
1.453129656825175e-08	2.912497189299034e-03
1.470923213667250e-08	2.909337025269848e-03
1.485637123971951e-08	2.906639514278139e-03
1.502917684676530e-08	2.903241044841659e-03
1.520093200559116e-08	2.899504355930025e-03
1.551677526127897e-08	2.891382961040114e-03
1.581858340736610e-08	2.881920700554148e-03
1.612022371351428e-08	2.870804209860120e-03
1.645485755708382e-08	2.856898473344035e-03
1.677463304775919e-08	2.842651367796237e-03
1.719180845134228e-08	2.823870110070903e-03
1.761018062634990e-08	2.806091441965354e-03
1.809846187634990e-08	2.788215413829398e-03
1.836267733259689e-08	2.780197876610226e-03
1.853227120513729e-08	2.775750240281292e-03
1.866075430861772e-08	2.772755460713876e-03
1.880905392353198e-08	2.769704102928765e-03
1.901237692195758e-08	2.766227073487089e-03
1.929828920748286e-08	2.762678759131428e-03
1.959732254670659e-08	2.760564486748711e-03
1.997434144455748e-08	2.760039902632768e-03
2.041977428237991e-08	2.762134462054639e-03
2.090805553237991e-08	2.767250403989248e-03
2.139633678237991e-08	2.774674935157798e-03
2.188461803237991e-08	2.783763223704067e-03
2.237289928237991e-08	2.793950294364999e-03
2.286118053237991e-08	2.804763383787987e-03
2.334946178237991e-08	2.815837533925120e-03
2.383774303237990e-08	2.826902192834029e-03
2.432602428237990e-08	2.837763997366239e-03
2.481430553237990e-08	2.848298272155476e-03
2.530258678237990e-08	2.858422810701537e-03
2.579086803237990e-08	2.868093597788347e-03
2.627914928237990e-08	2.877289913571088e-03
2.676743053237990e-08	2.886005679127952e-03
2.725571178237990e-08	2.894249673040411e-03
2.774399303237989e-08	2.902033429720064e-03
2.823227428237989e-08	2.909376311279248e-03
2.872055553237989e-08	2.916298819950332e-03
2.920883678237989e-08	2.922821830548844e-03
2.969711803237989e-08	2.928969270339710e-03
3.018539928237989e-08	2.934761429048289e-03
3.067368053237989e-08	2.940220921992170e-03
3.116196178237988e-08	2.945367992804135e-03
3.165024303237988e-08	2.950221549920958e-03
3.213852428237988e-08	2.954801327818772e-03
3.262680553237988e-08	2.959123204836660e-03
3.311508678237988e-08	2.963204561717868e-03
3.360336803237988e-08	2.967060089435389e-03
3.409164928237988e-08	2.970703633594419e-03
3.457993053237987e-08	2.974149256887801e-03
3.506821178237987e-08	2.977408063167231e-03
3.555649303237987e-08	2.980492437271384e-03
3.604477428237987e-08	2.983412465490971e-03
3.653305553237987e-08	2.986177900979260e-03
3.702133678237987e-08	2.988798552576342e-03
3.750961803237987e-08	2.991282036918605e-03
3.799789928237986e-08	2.993637178718942e-03
3.848618053237986e-08	2.995870841489676e-03
3.897446178237986e-08	2.997989996716378e-03
3.946274303237986e-08	3.000001490445971e-03
3.995102428237986e-08	3.001910657682981e-03
4.043930553237986e-08	3.003723847233387e-03
4.092758678237986e-08	3.005445817486855e-03
4.141586803237986e-08	3.007081639586506e-03
4.190414928237985e-08	3.008636179910566e-03
4.239243053237985e-08	3.010113250917607e-03
4.288071178237985e-08	3.011517522561167e-03
4.336899303237985e-08	3.012852339180354e-03
4.385727428237985e-08	3.014121499028329e-03
4.434555553237985e-08	3.015328495818113e-03
4.483383678237985e-08	3.016476148828284e-03
4.532211803237984e-08	3.017567933084392e-03
4.581039928237984e-08	3.018606264424092e-03
4.629868053237984e-08	3.019594034889750e-03
4.678696178237984e-08	3.020533800504311e-03
4.727524303237984e-08	3.021427690482509e-03
4.776352428237984e-08	3.022278336358960e-03
4.825180553237984e-08	3.023087510295173e-03
4.874008678237983e-08	3.023857462551359e-03
4.922836803237983e-08	3.024590076698808e-03
4.971664928237983e-08	3.025287007037143e-03
5.020493053237983e-08	3.025950257898330e-03
5.069321178237983e-08	3.026581162419224e-03
5.118149303237983e-08	3.027181486687598e-03
5.166977428237983e-08	3.027752638030809e-03
5.215805553237983e-08	3.028295920647773e-03
5.264633678237982e-08	3.028812875175929e-03
5.313461803237982e-08	3.029304518761765e-03
5.362289928237982e-08	3.029772252210335e-03
5.411118053237982e-08	3.030217132399787e-03
5.459946178237982e-08	3.030640204094729e-03
5.508774303237982e-08	3.031042653627387e-03
5.557602428237982e-08	3.031425270602370e-03
5.606430553237981e-08	3.031789169675998e-03
5.655258678237981e-08	3.032135149847563e-03
5.704086803237981e-08	3.032464055580354e-03
5.752914928237981e-08	3.032776800744303e-03
5.801743053237981e-08	3.033074006802731e-03
5.850571178237981e-08	3.033356560675677e-03
5.899399303237981e-08	3.033625070423557e-03
5.948227428237980e-08	3.033880220509714e-03
5.997055553237981e-08	3.034122716041699e-03
6.045883678237981e-08	3.034353048799553e-03
6.094711803237981e-08	3.034571926045271e-03
6.143539928237981e-08	3.034779809199088e-03
6.192368053237980e-08	3.034977257420920e-03
6.241196178237980e-08	3.035164809808661e-03
6.290024303237980e-08	3.035342862180720e-03
6.338852428237980e-08	3.035511972778307e-03
6.387680553237980e-08	3.035672496685607e-03
6.436508678237980e-08	3.035824886039867e-03
6.485336803237980e-08	3.035969555618413e-03
6.534164928237980e-08	3.036106820939687e-03
6.582993053237979e-08	3.036237125378441e-03
6.631821178237979e-08	3.036360737812762e-03
6.680649303237979e-08	3.036478028324958e-03
6.729477428237979e-08	3.036589309211664e-03
6.778305553237979e-08	3.036694838589025e-03
6.827133678237979e-08	3.036794960876004e-03
6.875961803237979e-08	3.036889885592724e-03
6.924789928237978e-08	3.036979908527958e-03
6.973618053237978e-08	3.037065269171478e-03
7.022446178237978e-08	3.037146172860340e-03
7.071274303237978e-08	3.037222891411981e-03
7.120102428237978e-08	3.037295582306696e-03
7.168930553237978e-08	3.037364487362601e-03
7.217758678237978e-08	3.037429782887118e-03
7.266586803237977e-08	3.037491638974944e-03
7.315414928237977e-08	3.037550261979692e-03
7.364243053237977e-08	3.037605777043189e-03
7.413071178237977e-08	3.037658373888713e-03
7.461899303237977e-08	3.037708187896788e-03
7.510727428237977e-08	3.037755352966836e-03
7.559555553237977e-08	3.037800031159543e-03
7.608383678237977e-08	3.037842315333151e-03
7.657211803237976e-08	3.037882360326450e-03
7.706039928237976e-08	3.037920262799183e-03
7.754868053237976e-08	3.037956135134780e-03
7.803696178237976e-08	3.037990096626183e-03
7.852524303237976e-08	3.038022223311415e-03
7.901352428237976e-08	3.038052633630696e-03
7.950180553237976e-08	3.038081402639913e-03
7.999008678237975e-08	3.038108617204631e-03
8.047836803237975e-08	3.038134371053957e-03
8.096664928237975e-08	3.038158719564887e-03
8.145493053237975e-08	3.038181759646780e-03
8.194321178237975e-08	3.038203542477120e-03
8.243149303237975e-08	3.038224142118995e-03
8.291977428237975e-08	3.038243624678921e-03
8.340805553237974e-08	3.038262037515892e-03
8.389633678237974e-08	3.038279452205940e-03
8.438461803237974e-08	3.038295909892568e-03
8.487289928237974e-08	3.038311466238544e-03
8.536118053237974e-08	3.038326173740564e-03
8.584946178237974e-08	3.038340065894346e-03
8.633774303237974e-08	3.038353201967584e-03
8.682602428237973e-08	3.038365608189783e-03
8.731430553237973e-08	3.038377332976257e-03
8.780258678237973e-08	3.038388410995874e-03
8.829086803237973e-08	3.038398872626217e-03
8.877914928237973e-08	3.038408759543332e-03
8.926743053237973e-08	3.038418094470869e-03
8.975571178237973e-08	3.038426912335993e-03
9.024399303237973e-08	3.038435241701649e-03
9.073227428237972e-08	3.038443103150118e-03
9.122055553237972e-08	3.038450531949483e-03
9.170883678237972e-08	3.038457541102337e-03
9.219711803237972e-08	3.038464162058394e-03
9.268539928237972e-08	3.038470411682640e-03
9.317368053237972e-08	3.038476310100125e-03
9.366196178237972e-08	3.038481880352450e-03
9.415024303237971e-08	3.038487135333624e-03
9.463852428237971e-08	3.038492096415361e-03
9.512680553237971e-08	3.038496778855532e-03
9.561508678237971e-08	3.038501195367225e-03
9.610336803237971e-08	3.038505366431924e-03
9.659164928237971e-08	3.038509298279528e-03
9.707993053237971e-08	3.038513011126350e-03
9.756821178237970e-08	3.038516512254507e-03
9.805649303237970e-08	3.038519815322267e-03
9.854477428237970e-08	3.038522932237000e-03
9.903305553237970e-08	3.038525870906864e-03
9.952133678237970e-08	3.038528643859068e-03
1.000096180323797e-07	3.038531259031337e-03
1.004978992823797e-07	3.038533724305988e-03
1.009861805323797e-07	3.038536051425519e-03
1.014744617823797e-07	3.038538243239174e-03
1.019627430323797e-07	3.038540312573321e-03
1.024510242823797e-07	3.038542261864653e-03
1.029393055323797e-07	3.038544100590256e-03
1.034275867823797e-07	3.038545834237545e-03
1.039158680323797e-07	3.038547468003111e-03
1.044041492823797e-07	3.038549008810117e-03
1.048924305323797e-07	3.038550461059015e-03
1.053807117823797e-07	3.038551829418024e-03
1.058689930323797e-07	3.038553120513672e-03
1.063572742823797e-07	3.038554335547664e-03
1.068455555323797e-07	3.038555482640403e-03
1.073338367823797e-07	3.038556562016798e-03
1.078221180323797e-07	3.038557580320889e-03
1.083103992823797e-07	3.038558539452132e-03
1.087986805323797e-07	3.038559443168756e-03
1.092869617823797e-07	3.038560294951261e-03
1.097752430323797e-07	3.038561097348705e-03
1.102635242823797e-07	3.038561853037567e-03
1.107518055323797e-07	3.038562565840288e-03
1.112400867823797e-07	3.038563236108674e-03
1.117283680323797e-07	3.038563868943891e-03
1.122166492823797e-07	3.038564463678265e-03
1.127049305323797e-07	3.038565025020585e-03
1.131932117823797e-07	3.038565553061447e-03
1.136814930323797e-07	3.038566050692932e-03
1.141697742823797e-07	3.038566519325522e-03
1.146580555323797e-07	3.038566960757042e-03
1.151463367823797e-07	3.038567376280074e-03
1.156346180323797e-07	3.038567768109118e-03
1.161228992823797e-07	3.038568136245240e-03
1.166111805323797e-07	3.038568483959867e-03
1.170994617823797e-07	3.038568810271335e-03
1.175877430323796e-07	3.038569118506649e-03
1.180760242823796e-07	3.038569407968024e-03
1.185643055323796e-07	3.038569680987133e-03
1.190525867823796e-07	3.038569937745386e-03
1.195408680323797e-07	3.038570179660666e-03
1.200291492823797e-07	3.038570407157883e-03
1.205174305323797e-07	3.038570621728272e-03
1.210057117823797e-07	3.038570823145213e-03
1.214939930323797e-07	3.038571013492588e-03
1.219822742823797e-07	3.038571191764005e-03
1.224705555323797e-07	3.038571360400731e-03
1.229588367823797e-07	3.038571518428653e-03
1.234471180323798e-07	3.038571667728006e-03
1.239353992823798e-07	3.038571807876945e-03
1.244236805323798e-07	3.038571940051839e-03
1.249119617823798e-07	3.038572064158708e-03
1.254002430323798e-07	3.038572181295605e-03
1.258885242823798e-07	3.038572291059013e-03
1.263768055323798e-07	3.038572394934377e-03
1.268650867823798e-07	3.038572492011097e-03
1.273533680323798e-07	3.038572584048811e-03
1.278416492823799e-07	3.038572670007289e-03
1.283299305323799e-07	3.038572751420046e-03
1.288182117823799e-07	3.038572827543498e-03
1.293064930323799e-07	3.038572899500655e-03
1.297947742823799e-07	3.038572966955803e-03
1.302830555323799e-07	3.038573030761714e-03
1.307713367823799e-07	3.038573090412813e-03
1.312596180323799e-07	3.038573146963730e-03
1.317478992823800e-07	3.038573199650072e-03
1.322361805323800e-07	3.038573249772603e-03
1.327244617823800e-07	3.038573296344282e-03
1.332127430323800e-07	3.038573340650095e-03
1.337010242823800e-07	3.038573381865925e-03
1.341893055323800e-07	3.038573421020983e-03
1.346775867823800e-07	3.038573457571123e-03
1.351658680323800e-07	3.038573492220325e-03
1.356541492823800e-07	3.038573524447703e-03
1.361424305323801e-07	3.038573555149659e-03
1.366307117823801e-07	3.038573583619741e-03
1.371189930323801e-07	3.038573610871849e-03
1.376072742823801e-07	3.038573636027219e-03
1.380955555323801e-07	3.038573660104159e-03
1.385838367823801e-07	3.038573682332420e-03
1.390721180323801e-07	3.038573703598532e-03
1.395603992823801e-07	3.038573723292483e-03
1.400486805323802e-07	3.038573742120557e-03
1.405369617823802e-07	3.038573759515996e-03
1.410252430323802e-07	3.038573776183126e-03
1.415135242823802e-07	3.038573791519994e-03
1.420018055323802e-07	3.038573806321208e-03
1.424900867823802e-07	3.038573819835303e-03
1.429783680323802e-07	3.038573832962306e-03
1.434666492823802e-07	3.038573844941911e-03
1.439549305323803e-07	3.038573856508209e-03
1.444432117823803e-07	3.038573867050292e-03
1.449314930323803e-07	3.038573877232814e-03
1.454197742823803e-07	3.038573886536901e-03
1.459080555323803e-07	3.038573895565573e-03
1.463963367823803e-07	3.038573903751826e-03
1.468846180323803e-07	3.038573911781854e-03
1.473728992823803e-07	3.038573919037901e-03
1.478611805323803e-07	3.038573926219998e-03
1.483494617823804e-07	3.038573932590435e-03
1.488377430323804e-07	3.038573938851451e-03
1.493260242823804e-07	3.038573944461974e-03
1.498143055323804e-07	3.038573950007667e-03
1.503025867823804e-07	3.038573954977245e-03
1.507908680323804e-07	3.038573959917332e-03
1.512791492823804e-07	3.038573964303422e-03
1.517674305323804e-07	3.038573968673269e-03
1.522557117823805e-07	3.038573972495112e-03
1.527439930323805e-07	3.038573976379690e-03
1.532322742823805e-07	3.038573979750968e-03
1.537205555323805e-07	3.038573983196669e-03
1.542088367823805e-07	3.038573986155068e-03
1.546971180323805e-07	3.038573989176784e-03
1.551853992823805e-07	3.038573991788453e-03
1.556736805323805e-07	3.038573994495224e-03
1.561619617823805e-07	3.038573996807052e-03
1.566502430323806e-07	3.038573999202372e-03
1.571385242823806e-07	3.038574001207290e-03
1.576268055323806e-07	3.038574003346194e-03
1.581150867823806e-07	3.038574005109766e-03
1.586033680323806e-07	3.038574007028590e-03
1.590916492823806e-07	3.038574008598018e-03
1.595799305323806e-07	3.038574010268510e-03
1.600682117823806e-07	3.038574011621285e-03
1.605564930323807e-07	3.038574013101425e-03
1.610447742823807e-07	3.038574014283292e-03
1.615330555323807e-07	3.038574015630539e-03
1.620213367823807e-07	3.038574016710846e-03
1.625096180323807e-07	3.038574017912205e-03
1.629978992823807e-07	3.038574018797363e-03
1.634861805323807e-07	3.038574019846607e-03
1.639744617823807e-07	3.038574020639534e-03
1.644627430323807e-07	3.038574021587030e-03
1.649510242823808e-07	3.038574022284418e-03
1.654393055323808e-07	3.038574023108695e-03
1.659275867823808e-07	3.038574023697278e-03
1.664158680323808e-07	3.038574024486044e-03
1.669041492823808e-07	3.038574025018909e-03
1.673924305323808e-07	3.038574025683861e-03
1.678807117823808e-07	3.038574026098506e-03
1.683689930323808e-07	3.038574026663951e-03
1.688572742823809e-07	3.038574027034946e-03
1.693455555323809e-07	3.038574027567046e-03
1.698338367823809e-07	3.038574027886073e-03
1.703221180323809e-07	3.038574028351779e-03
1.708103992823809e-07	3.038574028631213e-03
1.712986805323809e-07	3.038574029080003e-03
1.717869617823809e-07	3.038574029346450e-03
1.722752430323809e-07	3.038574029777939e-03
1.727635242823810e-07	3.038574029983417e-03
1.732518055323810e-07	3.038574030294327e-03
1.737400867823810e-07	3.038574030451154e-03
1.742283680323810e-07	3.038574030804861e-03
1.747166492823810e-07	3.038574030978260e-03
1.752049305323810e-07	3.038574031291054e-03
1.756932117823810e-07	3.038574031437564e-03
1.761814930323810e-07	3.038574031679629e-03
1.766697742823810e-07	3.038574031728434e-03
1.771580555323811e-07	3.038574031967739e-03
1.776463367823811e-07	3.038574032071616e-03
1.781346180323811e-07	3.038574032287452e-03
1.786228992823811e-07	3.038574032356312e-03
1.791111805323811e-07	3.038574032581344e-03
1.795994617823811e-07	3.038574032622568e-03
1.800877430323811e-07	3.038574032771980e-03
1.805760242823811e-07	3.038574032772051e-03
1.810643055323812e-07	3.038574032921363e-03
1.815525867823812e-07	3.038574032964839e-03
1.820408680323812e-07	3.038574033134049e-03
1.825291492823812e-07	3.038574033154927e-03
1.830174305323812e-07	3.038574033307745e-03
1.835057117823812e-07	3.038574033322910e-03
1.839939930323812e-07	3.038574033455466e-03
1.844822742823812e-07	3.038574033449161e-03
1.849705555323812e-07	3.038574033574947e-03
1.854588367823813e-07	3.038574033579823e-03
1.859471180323813e-07	3.038574033713135e-03
1.864353992823813e-07	3.038574033717091e-03
1.869236805323813e-07	3.038574033811866e-03
1.874119617823813e-07	3.038574033762459e-03
1.879002430323813e-07	3.038574033838694e-03
1.883885242823813e-07	3.038574033838714e-03
1.888768055323813e-07	3.038574033978416e-03
1.893650867823814e-07	3.038574033971857e-03
1.898533680323814e-07	3.038574034048888e-03
1.903416492823814e-07	3.038574033996353e-03
1.908299305323814e-07	3.038574034076025e-03
1.913182117823814e-07	3.038574034067758e-03
1.918064930323814e-07	3.038574034130180e-03
1.922947742823814e-07	3.038574034100310e-03
1.927830555323814e-07	3.038574034198715e-03
1.932713367823814e-07	3.038574034154712e-03
1.937596180323815e-07	3.038574034223866e-03
1.942478992823815e-07	3.038574034183178e-03
1.947361805323815e-07	3.038574034240433e-03
1.952244617823815e-07	3.038574034219412e-03
1.957127430323815e-07	3.038574034262473e-03
1.962010242823815e-07	3.038574034216512e-03
1.966893055323815e-07	3.038574034276202e-03
1.971775867823815e-07	3.038574034229295e-03
1.976658680323816e-07	3.038574034295244e-03
1.981541492823816e-07	3.038574034280184e-03
1.986424305323816e-07	3.038574034353671e-03
1.991307117823816e-07	3.038574034320052e-03
1.996189930323816e-07	3.038574034357607e-03
2.001072742823816e-07	3.038574034323434e-03
2.005955555323816e-07	3.038574034375714e-03
2.010838367823816e-07	3.038574034356738e-03
2.015721180323817e-07	3.038574034448194e-03
2.020603992823817e-07	3.038574034403926e-03
2.025486805323817e-07	3.038574034390797e-03
2.030369617823817e-07	3.038574034339847e-03
2.035252430323817e-07	3.038574034404124e-03
2.040135242823817e-07	3.038574034384695e-03
2.045018055323817e-07	3.038574034434497e-03
2.049900867823817e-07	3.038574034398443e-03
2.054783680323817e-07	3.038574034445786e-03
2.059666492823818e-07	3.038574034428335e-03
2.064549305323818e-07	3.038574034465111e-03
2.069432117823818e-07	3.038574034408729e-03
2.074314930323818e-07	3.038574034451100e-03
2.079197742823818e-07	3.038574034418879e-03
2.084080555323818e-07	3.038574034452926e-03
2.088963367823818e-07	3.038574034429587e-03
2.093846180323818e-07	3.038574034464107e-03
2.098728992823819e-07	3.038574034420017e-03
2.103611805323819e-07	3.038574034440130e-03
2.108494617823819e-07	3.038574034426624e-03
2.113377430323819e-07	3.038574034496855e-03
2.118260242823819e-07	3.038574034456273e-03
2.123143055323819e-07	3.038574034480269e-03
2.128025867823819e-07	3.038574034456820e-03
2.132908680323819e-07	3.038574034487835e-03
2.137791492823819e-07	3.038574034449173e-03
2.142674305323820e-07	3.038574034460299e-03
2.147557117823820e-07	3.038574034419004e-03
2.152439930323820e-07	3.038574034491390e-03
2.157322742823820e-07	3.038574034487759e-03
2.162205555323820e-07	3.038574034531379e-03
2.167088367823820e-07	3.038574034519339e-03
2.171971180323820e-07	3.038574034545782e-03
2.176853992823820e-07	3.038574034507792e-03
2.181736805323821e-07	3.038574034523643e-03
2.186619617823821e-07	3.038574034487007e-03
2.191502430323821e-07	3.038574034516120e-03
2.196385242823821e-07	3.038574034489681e-03
2.201268055323821e-07	3.038574034520525e-03
2.206150867823821e-07	3.038574034480463e-03
2.211033680323821e-07	3.038574034490946e-03
2.215916492823821e-07	3.038574034441664e-03
2.220799305323821e-07	3.038574034456068e-03
2.225682117823822e-07	3.038574034436379e-03
2.230564930323822e-07	3.038574034478817e-03
2.235447742823822e-07	3.038574034459475e-03
2.240330555323822e-07	3.038574034495974e-03
2.245213367823822e-07	3.038574034489057e-03
2.250096180323822e-07	3.038574034504032e-03
2.254978992823822e-07	3.038574034443751e-03
2.259861805323822e-07	3.038574034458393e-03
2.264744617823823e-07	3.038574034455405e-03
2.269627430323823e-07	3.038574034460089e-03
2.274510242823823e-07	3.038574034423806e-03
2.279393055323823e-07	3.038574034476931e-03
2.284275867823823e-07	3.038574034461733e-03
2.289158680323823e-07	3.038574034497525e-03
2.294041492823823e-07	3.038574034474587e-03
2.298924305323823e-07	3.038574034497820e-03
2.303807117823824e-07	3.038574034502389e-03
2.308689930323824e-07	3.038574034514678e-03
2.313572742823824e-07	3.038574034478524e-03
2.318455555323824e-07	3.038574034496833e-03
2.323338367823824e-07	3.038574034455232e-03
2.328221180323824e-07	3.038574034439254e-03
2.333103992823824e-07	3.038574034370107e-03
2.337986805323824e-07	3.038574034384748e-03
2.342869617823824e-07	3.038574034378803e-03
2.347752430323825e-07	3.038574034411662e-03
2.352635242823825e-07	3.038574034438108e-03
2.357518055323825e-07	3.038574034493408e-03
2.362400867823825e-07	3.038574034497963e-03
2.367283680323825e-07	3.038574034534411e-03
2.372166492823825e-07	3.038574034526178e-03
2.377049305323825e-07	3.038574034542749e-03
2.381932117823825e-07	3.038574034525677e-03
2.386814930323825e-07	3.038574034570640e-03
2.391697742823825e-07	3.038574034542867e-03
2.396580555323825e-07	3.038574034537020e-03
2.401463367823826e-07	3.038574034498969e-03
2.406346180323826e-07	3.038574034508156e-03
2.411228992823826e-07	3.038574034506465e-03
2.416111805323826e-07	3.038574034510179e-03
2.420994617823826e-07	3.038574034469908e-03
2.425877430323826e-07	3.038574034482058e-03
2.430760242823826e-07	3.038574034455677e-03
2.435643055323826e-07	3.038574034454885e-03
2.440525867823827e-07	3.038574034413217e-03
2.445408680323827e-07	3.038574034412168e-03
2.450291492823827e-07	3.038574034386250e-03
2.455174305323827e-07	3.038574034419038e-03
2.460057117823827e-07	3.038574034431135e-03
2.464939930323827e-07	3.038574034462355e-03
2.469822742823827e-07	3.038574034455838e-03
2.474705555323827e-07	3.038574034469700e-03
2.479588367823828e-07	3.038574034451775e-03
2.484471180323828e-07	3.038574034452923e-03
2.489353992823828e-07	3.038574034445328e-03
2.494236805323828e-07	3.038574034494625e-03
2.499119617823828e-07	3.038574034486334e-03
2.504002430323828e-07	3.038574034495010e-03
2.508885242823828e-07	3.038574034481341e-03
2.513768055323828e-07	3.038574034494242e-03
2.518650867823828e-07	3.038574034458877e-03
2.523533680323829e-07	3.038574034460526e-03
2.528416492823829e-07	3.038574034463338e-03
2.533299305323829e-07	3.038574034499085e-03
2.538182117823829e-07	3.038574034500351e-03
2.543064930323829e-07	3.038574034517942e-03
2.547947742823829e-07	3.038574034496584e-03
2.552830555323829e-07	3.038574034523667e-03
2.557713367823829e-07	3.038574034523808e-03
2.562596180323830e-07	3.038574034519676e-03
2.567478992823830e-07	3.038574034486585e-03
2.572361805323830e-07	3.038574034508020e-03
2.577244617823830e-07	3.038574034480492e-03
2.582127430323830e-07	3.038574034490024e-03
2.587010242823830e-07	3.038574034494979e-03
2.591893055323830e-07	3.038574034474171e-03
2.596775867823830e-07	3.038574034448928e-03
2.601658680323830e-07	3.038574034487125e-03
2.606541492823831e-07	3.038574034480027e-03
2.611424305323831e-07	3.038574034481909e-03
2.616307117823831e-07	3.038574034467498e-03
2.621189930323831e-07	3.038574034476783e-03
2.626072742823831e-07	3.038574034476335e-03
2.630955555323831e-07	3.038574034481331e-03
2.635838367823831e-07	3.038574034459132e-03
2.640721180323831e-07	3.038574034504315e-03
2.645603992823832e-07	3.038574034509745e-03
2.650486805323832e-07	3.038574034507757e-03
2.655369617823832e-07	3.038574034480552e-03
2.660252430323832e-07	3.038574034472766e-03
2.665135242823832e-07	3.038574034431784e-03
2.670018055323832e-07	3.038574034439177e-03
2.674900867823832e-07	3.038574034458289e-03
2.679783680323832e-07	3.038574034501649e-03
2.684666492823833e-07	3.038574034520845e-03
2.689549305323833e-07	3.038574034567847e-03
2.694432117823833e-07	3.038574034547099e-03
2.699314930323833e-07	3.038574034529251e-03
2.704197742823833e-07	3.038574034495208e-03
2.709080555323833e-07	3.038574034476063e-03
2.713963367823833e-07	3.038574034473104e-03
2.718846180323833e-07	3.038574034476708e-03
2.723728992823833e-07	3.038574034455871e-03
2.728611805323834e-07	3.038574034464017e-03
2.733494617823834e-07	3.038574034466013e-03
2.738377430323834e-07	3.038574034501755e-03
2.743260242823834e-07	3.038574034498888e-03
2.748143055323834e-07	3.038574034506687e-03
2.753025867823834e-07	3.038574034468331e-03
2.757908680323834e-07	3.038574034466750e-03
2.762791492823834e-07	3.038574034452721e-03
2.767674305323835e-07	3.038574034443015e-03
2.772557117823835e-07	3.038574034431772e-03
2.777439930323835e-07	3.038574034464323e-03
2.782322742823835e-07	3.038574034475400e-03
2.787205555323835e-07	3.038574034474671e-03
2.792088367823835e-07	3.038574034463901e-03
2.796971180323835e-07	3.038574034498236e-03
2.801853992823835e-07	3.038574034515268e-03
2.806736805323835e-07	3.038574034515862e-03
2.811619617823836e-07	3.038574034502421e-03
2.816502430323836e-07	3.038574034505864e-03
2.821385242823836e-07	3.038574034479940e-03
2.826268055323836e-07	3.038574034487948e-03
2.831150867823836e-07	3.038574034488523e-03
2.836033680323836e-07	3.038574034513678e-03
2.840916492823836e-07	3.038574034534967e-03
2.845799305323836e-07	3.038574034545769e-03
2.850682117823837e-07	3.038574034516235e-03
2.855564930323837e-07	3.038574034518049e-03
2.860447742823837e-07	3.038574034504990e-03
2.865330555323837e-07	3.038574034525357e-03
2.870213367823837e-07	3.038574034524549e-03
2.875096180323837e-07	3.038574034533635e-03
2.879978992823837e-07	3.038574034524544e-03
2.884861805323837e-07	3.038574034506246e-03
2.889744617823837e-07	3.038574034463616e-03
2.894627430323838e-07	3.038574034436660e-03
2.899510242823838e-07	3.038574034407141e-03
2.904393055323838e-07	3.038574034418094e-03
2.909275867823838e-07	3.038574034455407e-03
2.914158680323838e-07	3.038574034507717e-03
2.919041492823838e-07	3.038574034509905e-03
2.923924305323838e-07	3.038574034501955e-03
2.928807117823838e-07	3.038574034497385e-03
2.933689930323839e-07	3.038574034527886e-03
2.938572742823839e-07	3.038574034514034e-03
2.943455555323839e-07	3.038574034476604e-03
2.948338367823839e-07	3.038574034428732e-03
2.953221180323839e-07	3.038574034450930e-03
2.958103992823839e-07	3.038574034486704e-03
2.962986805323839e-07	3.038574034506609e-03
2.967869617823839e-07	3.038574034492348e-03
2.972752430323840e-07	3.038574034496502e-03
2.977635242823840e-07	3.038574034485462e-03
2.982518055323840e-07	3.038574034450969e-03
2.987400867823840e-07	3.038574034423651e-03
2.992283680323840e-07	3.038574034471974e-03
2.997166492823840e-07	3.038574034488972e-03
3.002049305323840e-07	3.038574034490837e-03
3.006932117823840e-07	3.038574034466417e-03
3.011814930323840e-07	3.038574034450167e-03
3.016697742823841e-07	3.038574034465478e-03
3.021580555323841e-07	3.038574034501758e-03
3.026463367823841e-07	3.038574034504410e-03
3.031346180323841e-07	3.038574034515034e-03
3.036228992823841e-07	3.038574034502560e-03
3.041111805323841e-07	3.038574034503093e-03
3.045994617823841e-07	3.038574034497638e-03
3.050877430323841e-07	3.038574034496947e-03
3.055760242823842e-07	3.038574034482102e-03
3.060643055323842e-07	3.038574034470443e-03
3.065525867823842e-07	3.038574034438598e-03
3.070408680323842e-07	3.038574034446335e-03
3.075291492823842e-07	3.038574034466116e-03
3.080174305323842e-07	3.038574034491751e-03
3.085057117823842e-07	3.038574034509008e-03
3.089939930323842e-07	3.038574034523627e-03
3.094822742823842e-07	3.038574034497398e-03
3.099705555323843e-07	3.038574034504616e-03
3.104588367823843e-07	3.038574034509898e-03
3.109471180323843e-07	3.038574034520628e-03
3.114353992823843e-07	3.038574034505669e-03
3.119236805323843e-07	3.038574034488128e-03
3.124119617823843e-07	3.038574034464865e-03
3.129002430323843e-07	3.038574034476053e-03
3.133885242823843e-07	3.038574034473562e-03
3.138768055323844e-07	3.038574034465630e-03
3.143650867823844e-07	3.038574034470977e-03
3.148533680323844e-07	3.038574034475984e-03
3.153416492823844e-07	3.038574034472748e-03
3.158299305323844e-07	3.038574034507914e-03
3.163182117823844e-07	3.038574034513542e-03
3.168064930323844e-07	3.038574034505268e-03
3.172947742823844e-07	3.038574034476369e-03
3.177830555323844e-07	3.038574034486138e-03
3.182713367823845e-07	3.038574034498787e-03
3.187596180323845e-07	3.038574034496884e-03
3.192478992823845e-07	3.038574034493703e-03
3.197361805323845e-07	3.038574034509054e-03
3.202244617823845e-07	3.038574034498718e-03
3.207127430323845e-07	3.038574034481925e-03
3.212010242823845e-07	3.038574034450024e-03
3.216893055323845e-07	3.038574034443518e-03
3.221775867823846e-07	3.038574034447049e-03
3.226658680323846e-07	3.038574034481080e-03
3.231541492823846e-07	3.038574034529257e-03
3.236424305323846e-07	3.038574034560680e-03
3.241307117823846e-07	3.038574034524063e-03
3.246189930323846e-07	3.038574034499282e-03
3.251072742823846e-07	3.038574034495921e-03
3.255955555323846e-07	3.038574034500981e-03
3.260838367823847e-07	3.038574034488817e-03
3.265721180323847e-07	3.038574034478990e-03
3.270603992823847e-07	3.038574034464247e-03
3.275486805323847e-07	3.038574034481576e-03
3.280369617823847e-07	3.038574034487367e-03
3.285252430323847e-07	3.038574034492609e-03
3.290135242823847e-07	3.038574034494498e-03
3.295018055323847e-07	3.038574034492716e-03
3.299900867823847e-07	3.038574034489306e-03
3.304783680323848e-07	3.038574034477032e-03
3.309666492823848e-07	3.038574034443080e-03
3.314549305323848e-07	3.038574034449024e-03
3.319432117823848e-07	3.038574034456204e-03
3.324314930323848e-07	3.038574034476646e-03
3.329197742823848e-07	3.038574034480543e-03
3.334080555323848e-07	3.038574034503046e-03
3.338963367823848e-07	3.038574034509114e-03
3.343846180323849e-07	3.038574034493434e-03
3.348728992823849e-07	3.038574034478259e-03
3.353611805323849e-07	3.038574034449077e-03
3.358494617823849e-07	3.038574034403787e-03
3.363377430323849e-07	3.038574034404210e-03
3.368260242823849e-07	3.038574034415462e-03
3.373143055323849e-07	3.038574034443906e-03
3.378025867823849e-07	3.038574034456791e-03
3.382908680323849e-07	3.038574034477961e-03
3.387791492823850e-07	3.038574034464631e-03
3.392674305323850e-07	3.038574034443859e-03
3.397557117823850e-07	3.038574034433171e-03
3.402439930323850e-07	3.038574034440188e-03
3.407322742823850e-07	3.038574034441804e-03
3.412205555323850e-07	3.038574034453748e-03
3.417088367823850e-07	3.038574034489048e-03
3.421971180323850e-07	3.038574034532693e-03
3.426853992823851e-07	3.038574034503154e-03
3.431736805323851e-07	3.038574034482875e-03
3.436619617823851e-07	3.038574034480465e-03
3.441502430323851e-07	3.038574034468863e-03
3.446385242823851e-07	3.038574034467278e-03
3.451268055323851e-07	3.038574034470534e-03
3.456150867823851e-07	3.038574034459375e-03
3.461033680323851e-07	3.038574034457836e-03
3.465916492823851e-07	3.038574034458189e-03
3.470799305323852e-07	3.038574034465382e-03
3.475682117823852e-07	3.038574034468315e-03
3.480564930323852e-07	3.038574034498467e-03
3.485447742823852e-07	3.038574034507439e-03
3.490330555323852e-07	3.038574034489125e-03
3.495213367823852e-07	3.038574034469093e-03
3.500096180323852e-07	3.038574034480836e-03
3.504978992823852e-07	3.038574034484953e-03
3.509861805323853e-07	3.038574034492051e-03
3.514744617823853e-07	3.038574034490129e-03
3.519627430323853e-07	3.038574034503742e-03
3.524510242823853e-07	3.038574034490645e-03
3.529393055323853e-07	3.038574034453807e-03
3.534275867823853e-07	3.038574034406097e-03
3.539158680323853e-07	3.038574034421510e-03
3.544041492823853e-07	3.038574034457495e-03
3.548924305323854e-07	3.038574034488007e-03
3.553807117823854e-07	3.038574034513038e-03
3.558689930323854e-07	3.038574034515803e-03
3.563572742823854e-07	3.038574034509821e-03
3.568455555323854e-07	3.038574034484594e-03
3.573338367823854e-07	3.038574034431143e-03
3.578221180323854e-07	3.038574034406791e-03
3.583103992823854e-07	3.038574034417425e-03
3.587986805323854e-07	3.038574034464057e-03
3.592869617823855e-07	3.038574034487883e-03
3.597752430323855e-07	3.038574034490634e-03
3.602635242823855e-07	3.038574034451056e-03
3.607518055323855e-07	3.038574034405283e-03
3.612400867823855e-07	3.038574034409854e-03
3.617283680323855e-07	3.038574034429954e-03
3.622166492823855e-07	3.038574034422829e-03
3.627049305323855e-07	3.038574034480553e-03
3.631932117823856e-07	3.038574034522833e-03
3.636814930323856e-07	3.038574034524024e-03
3.641697742823856e-07	3.038574034501873e-03
3.646580555323856e-07	3.038574034493654e-03
3.651463367823856e-07	3.038574034495068e-03
3.656346180323856e-07	3.038574034481197e-03
3.661228992823856e-07	3.038574034464947e-03
3.666111805323856e-07	3.038574034508318e-03
3.670994617823856e-07	3.038574034529640e-03
3.675877430323857e-07	3.038574034508664e-03
3.680760242823857e-07	3.038574034467263e-03
3.685643055323857e-07	3.038574034455385e-03
3.690525867823857e-07	3.038574034469366e-03
3.695408680323857e-07	3.038574034466989e-03
3.700291492823857e-07	3.038574034442679e-03
3.705174305323857e-07	3.038574034448193e-03
3.710057117823857e-07	3.038574034468873e-03
3.714939930323858e-07	3.038574034483526e-03
3.719822742823858e-07	3.038574034481191e-03
3.724705555323858e-07	3.038574034457081e-03
3.729588367823858e-07	3.038574034426154e-03
3.734471180323858e-07	3.038574034435223e-03
3.739353992823858e-07	3.038574034419488e-03
3.744236805323858e-07	3.038574034429445e-03
3.749119617823858e-07	3.038574034449139e-03
3.754002430323858e-07	3.038574034460362e-03
3.758885242823859e-07	3.038574034457338e-03
3.763768055323859e-07	3.038574034432270e-03
3.768650867823859e-07	3.038574034409481e-03
3.773533680323859e-07	3.038574034433800e-03
3.778416492823859e-07	3.038574034451863e-03
3.783299305323859e-07	3.038574034445551e-03
3.788182117823859e-07	3.038574034458271e-03
3.793064930323859e-07	3.038574034482260e-03
3.797947742823860e-07	3.038574034493738e-03
3.802830555323860e-07	3.038574034508304e-03
3.807713367823860e-07	3.038574034500423e-03
3.812596180323860e-07	3.038574034479820e-03
3.817478992823860e-07	3.038574034455287e-03
3.822361805323860e-07	3.038574034455938e-03
3.827244617823860e-07	3.038574034480051e-03
3.832127430323860e-07	3.038574034520486e-03
3.837010242823861e-07	3.038574034528729e-03
3.841893055323861e-07	3.038574034543179e-03
3.846775867823861e-07	3.038574034537757e-03
3.851658680323861e-07	3.038574034525627e-03
3.856541492823861e-07	3.038574034523220e-03
3.861424305323861e-07	3.038574034533138e-03
3.866307117823861e-07	3.038574034540386e-03
3.871189930323861e-07	3.038574034518463e-03
3.876072742823861e-07	3.038574034486037e-03
3.880955555323862e-07	3.038574034487594e-03
3.885838367823862e-07	3.038574034473504e-03
3.890721180323862e-07	3.038574034433806e-03
3.895603992823862e-07	3.038574034417369e-03
3.900486805323862e-07	3.038574034443758e-03
3.905369617823862e-07	3.038574034453826e-03
3.910252430323862e-07	3.038574034440069e-03
3.915135242823862e-07	3.038574034419806e-03
3.920018055323863e-07	3.038574034427171e-03
3.924900867823863e-07	3.038574034424512e-03
3.929783680323863e-07	3.038574034428956e-03
3.934666492823863e-07	3.038574034466204e-03
3.939549305323863e-07	3.038574034488417e-03
3.944432117823863e-07	3.038574034482351e-03
3.949314930323863e-07	3.038574034478579e-03
3.954197742823863e-07	3.038574034495296e-03
3.959080555323863e-07	3.038574034533923e-03
3.963963367823864e-07	3.038574034562732e-03
3.968846180323864e-07	3.038574034566682e-03
3.973728992823864e-07	3.038574034517666e-03
3.978611805323864e-07	3.038574034471774e-03
3.983494617823864e-07	3.038574034458293e-03
3.988377430323864e-07	3.038574034475353e-03
3.993260242823864e-07	3.038574034467987e-03
3.998143055323864e-07	3.038574034446065e-03
4.000000000000000e-07	3.038574034429547e-03
4.000031618907145e-07	3.038574034429399e-03
4.000094856721435e-07	3.038574034427250e-03
4.000221332350015e-07	3.038574034423877e-03
4.000474283607174e-07	3.038574034422608e-03
4.000921673095793e-07	3.038574034417949e-03
4.001397844322438e-07	3.038574034419259e-03
4.001903897839315e-07	3.038574034422140e-03
4.002362767175402e-07	3.038574034425338e-03
4.002916703711354e-07	3.038574034427755e-03
4.003648396432187e-07	3.038574034426013e-03
4.005088591668734e-07	3.038574034430613e-03
4.006781452465075e-07	3.038574034431430e-03
4.009200526501090e-07	3.038574034424835e-03
4.010000000000000e-07	3.038574034426435e-03
4.010252771777775e-07	3.038574034425074e-03
4.010758315333324e-07	3.038574034419558e-03
4.011769402444424e-07	3.038574034388468e-03
4.013097155230703e-07	3.038574034254100e-03
4.014644206185981e-07	3.038574033935509e-03
4.017081984588092e-07	3.038574035556640e-03
4.020078251207904e-07	3.038574050680523e-03
4.023453403898248e-07	3.038573989218206e-03
4.026244429661588e-07	3.038573459298984e-03
4.029269491764595e-07	3.038570739395859e-03
4.032420834089547e-07	3.038561201776069e-03
4.037303646589548e-07	3.038509375103582e-03
4.042186459089548e-07	3.038372034403694e-03
4.047069271589548e-07	3.038101299502970e-03
4.051952084089548e-07	3.037676261479029e-03
4.056834896589548e-07	3.037128836466561e-03
4.061717709089548e-07	3.036552173789689e-03
4.066379508109988e-07	3.036102838975832e-03
4.071262320609988e-07	3.035896202212738e-03
4.076145133109988e-07	3.036106078525200e-03
4.081027945609988e-07	3.036845049693344e-03
4.085910758109989e-07	3.038174590928335e-03
4.090793570609989e-07	3.040104930639192e-03
4.095676383109989e-07	3.042604662163981e-03
4.100000000000000e-07	3.045247661699539e-03
4.100118580092819e-07	3.045325573598889e-03
4.100355740278458e-07	3.045481913533952e-03
4.100830060649735e-07	3.045797687734884e-03
4.101373782037121e-07	3.046164748143541e-03
4.102012084690461e-07	3.046602578113242e-03
4.103034849677977e-07	3.047318974448556e-03
4.105080379653007e-07	3.048798983385545e-03
4.108684655938318e-07	3.051573628722142e-03
4.110000000000000e-07	3.052651457060873e-03
4.110223499041575e-07	3.052840162126585e-03
4.110670497124725e-07	3.053220867345177e-03
4.111564493291025e-07	3.054003051793959e-03
4.112794783691530e-07	3.055128799359327e-03
4.114150136255169e-07	3.056442698338437e-03
4.116860841382448e-07	3.059316921842980e-03
4.121671576318136e-07	3.064988697652958e-03
4.126554388818136e-07	3.070885216796095e-03
4.131437201318136e-07	3.076151743457903e-03
4.136320013818136e-07	3.080271984670545e-03
4.141202826318137e-07	3.083095582223036e-03
4.146085638818137e-07	3.084829697475198e-03
4.150968451318137e-07	3.085892072941439e-03
4.155851263818137e-07	3.086684592599929e-03
4.160734076318137e-07	3.087478529855096e-03
4.165616888818137e-07	3.088420664982653e-03
4.170499701318137e-07	3.089561431749023e-03
4.175382513818137e-07	3.090900862334408e-03
4.180265326318137e-07	3.092416513810217e-03
4.185148138818138e-07	3.094078923862345e-03
4.190030951318138e-07	3.095862693122854e-03
4.194913763818138e-07	3.097743224585806e-03
4.199796576318138e-07	3.099702369947094e-03
4.204679388818138e-07	3.101723500444286e-03
4.209562201318138e-07	3.103792163265883e-03
4.214445013818138e-07	3.105897616287708e-03
4.215055365380638e-07	3.106163054189036e-03
4.216276068505639e-07	3.106694495193461e-03
4.216581244286888e-07	3.106827676583233e-03
4.217191595849388e-07	3.107094186832694e-03
4.217344183740014e-07	3.107160871664523e-03
4.217382330712670e-07	3.107177543548052e-03
4.217458624657982e-07	3.107210888086124e-03
4.217477698144311e-07	3.107219224509821e-03
4.217515845116967e-07	3.107235897561298e-03
4.217525381860131e-07	3.107240065905208e-03
4.217544455346459e-07	3.107248402648284e-03
4.217582602319115e-07	3.107265076455404e-03
4.217583794412011e-07	3.107265597518959e-03
4.217586178597802e-07	3.107266639646672e-03
4.217586253103607e-07	3.107266672213077e-03
4.217586271730059e-07	3.107266680354691e-03
4.217586308982962e-07	3.107266696637770e-03
4.217586383488767e-07	3.107266729203454e-03
4.217586402115219e-07	3.107266737344901e-03
4.217586406771832e-07	3.107266739380271e-03
4.217586425398283e-07	3.107266747523197e-03
4.217586462651186e-07	3.107266763807814e-03
4.217586537156992e-07	3.107266796374393e-03
4.217586686168604e-07	3.107266861506848e-03
4.217586984191828e-07	3.107266991772343e-03
4.217587580238275e-07	3.107267252305827e-03
4.217588772331171e-07	3.107267773369363e-03
4.217591156516962e-07	3.107268815497108e-03
4.217595924888544e-07	3.107270899762732e-03
4.217605461631708e-07	3.107275068315735e-03
4.217624535118036e-07	3.107283405500333e-03
4.217662682090692e-07	3.107300080163993e-03
4.217738976036005e-07	3.107333430593700e-03
4.217891563926630e-07	3.107400135231194e-03
4.218196739707880e-07	3.107533555293559e-03
4.218807091270380e-07	3.107800429485386e-03
4.220027794395380e-07	3.108334551948612e-03
4.222469200645380e-07	3.109405972222201e-03
4.223079552207880e-07	3.109674795548751e-03
4.223232140098505e-07	3.109741999009603e-03
4.223537315879755e-07	3.109876413893990e-03
4.223613609825067e-07	3.109910027413574e-03
4.223766197715693e-07	3.109977266892027e-03
4.223804344688349e-07	3.109994081479914e-03
4.223880638633662e-07	3.110027713620129e-03
4.224033226524287e-07	3.110094995064806e-03
4.224037994895869e-07	3.110097097983061e-03
4.224039186988765e-07	3.110097623714397e-03
4.224041571174555e-07	3.110098675179513e-03
4.224046339546137e-07	3.110100778126218e-03
4.224047531639033e-07	3.110101303867608e-03
4.224049915824824e-07	3.110102355352497e-03
4.224054684196406e-07	3.110104458336602e-03
4.224064220939570e-07	3.110108664366593e-03
4.224083294425898e-07	3.110117076672084e-03
4.224121441398554e-07	3.110133902238362e-03
4.224197735343867e-07	3.110167556926991e-03
4.224350323234492e-07	3.110234878308737e-03
4.224655499015742e-07	3.110369549633265e-03
4.225265850578242e-07	3.110638868420507e-03
4.226486553703242e-07	3.111177031501322e-03
4.228927959953242e-07	3.112253599453190e-03
4.233810772453242e-07	3.114411240293397e-03
4.238693584953242e-07	3.116566546869338e-03
4.239303936515742e-07	3.116835474590697e-03
4.239456524406367e-07	3.116902689231351e-03
4.239761700187617e-07	3.117037102738827e-03
4.239837994132930e-07	3.117070708785639e-03
4.239990582023555e-07	3.117137930557445e-03
4.240028728996211e-07	3.117154739714066e-03
4.240105022941524e-07	3.117188360318625e-03
4.240124096427852e-07	3.117196766336197e-03
4.240162243400508e-07	3.117213578927625e-03
4.240238537345821e-07	3.117247207273623e-03
4.240257610832149e-07	3.117255615135845e-03
4.240295757804805e-07	3.117272431325620e-03
4.240372051750118e-07	3.117306066149289e-03
4.240524639640743e-07	3.117373342585670e-03
4.240829815421993e-07	3.117507894181892e-03
4.241440166984493e-07	3.117776758945497e-03
4.242660870109493e-07	3.118312622743761e-03
4.245102276359493e-07	3.119379695087202e-03
4.245178570304805e-07	3.119412990676366e-03
4.245331158195430e-07	3.119479590639415e-03
4.245369305168087e-07	3.119496244224472e-03
4.245445599113399e-07	3.119529553975260e-03
4.245464672599728e-07	3.119537882399279e-03
4.245469440971310e-07	3.119539964526981e-03
4.245478977714473e-07	3.119544128823322e-03
4.245481361900264e-07	3.119545169912691e-03
4.245486130271846e-07	3.119547252101299e-03
4.245487322364742e-07	3.119547772652331e-03
4.245489706550533e-07	3.119548813756285e-03
4.245490302596981e-07	3.119549074033689e-03
4.245491494689876e-07	3.119549594588919e-03
4.245491792713100e-07	3.119549724727863e-03
4.245492388759548e-07	3.119549985006017e-03
4.245492407385999e-07	3.119549993139775e-03
4.245492407677038e-07	3.119549993266887e-03
4.245492408259115e-07	3.119549993521092e-03
4.245492408263997e-07	3.119549993523224e-03
4.245492410592304e-07	3.119549994540451e-03
4.245492411174381e-07	3.119549994794634e-03
4.245492429800832e-07	3.119550002929872e-03
4.245492578812444e-07	3.119550068012098e-03
4.245492876835668e-07	3.119550198162940e-03
4.245493472882116e-07	3.119550458438280e-03
4.245494664975011e-07	3.119550978993684e-03
4.245497049160802e-07	3.119552020106038e-03
4.245501817532384e-07	3.119554102351149e-03
4.245511354275548e-07	3.119558266910807e-03
4.245530427761876e-07	3.119566596287861e-03
4.245568574734533e-07	3.119583256036025e-03
4.245644868679845e-07	3.119616579473400e-03
4.245797456570470e-07	3.119683241517900e-03
4.245835603543127e-07	3.119699910863224e-03
4.245911897488439e-07	3.119733251672986e-03
4.245914281674230e-07	3.119734293642789e-03
4.245919050045812e-07	3.119736377588837e-03
4.245920242138708e-07	3.119736898577953e-03
4.245920540161932e-07	3.119737028825283e-03
4.245921136208379e-07	3.119737289319896e-03
4.245922328301275e-07	3.119737810309598e-03
4.245924712487066e-07	3.119738852292158e-03
4.245929480858648e-07	3.119740936268357e-03
4.245939017601812e-07	3.119745104263780e-03
4.245958091088140e-07	3.119753440427189e-03
4.245996238060796e-07	3.119770113441494e-03
4.246072532006109e-07	3.119803462022466e-03
4.246225119896734e-07	3.119870167286879e-03
4.246530295677984e-07	3.120003590697256e-03
4.247140647240484e-07	3.120270327774374e-03
4.248361350365484e-07	3.120802631641449e-03
4.248666526146734e-07	3.120935394677264e-03
4.249276877709234e-07	3.121200710716874e-03
4.250497580834234e-07	3.121731100860263e-03
4.250535727806890e-07	3.121747681861822e-03
4.250612021752203e-07	3.121780844193042e-03
4.250631095238531e-07	3.121789134897053e-03
4.250669242211187e-07	3.121805716435546e-03
4.250745536156500e-07	3.121838880441599e-03
4.250745573409403e-07	3.121838896635334e-03
4.250745647915209e-07	3.121838929022796e-03
4.250745666541660e-07	3.121838937119685e-03
4.250745703794563e-07	3.121838953313541e-03
4.250745704958716e-07	3.121838953819602e-03
4.250745723585167e-07	3.121838961918172e-03
4.250745725913474e-07	3.121838962930486e-03
4.250745725986234e-07	3.121838962962115e-03
4.250745726022613e-07	3.121838962977934e-03
4.250745726027496e-07	3.121838962980056e-03
4.250745728355803e-07	3.121838963993416e-03
4.250745728937879e-07	3.121838964246468e-03
4.250745747564331e-07	3.121838972345368e-03
4.250745784817234e-07	3.121838988541670e-03
4.250745859323040e-07	3.121839020930581e-03
4.250746008334652e-07	3.121839085705770e-03
4.250746306357875e-07	3.121839215254665e-03
4.250746902404323e-07	3.121839474353762e-03
4.250748094497219e-07	3.121839992551563e-03
4.250750478683010e-07	3.121841028947824e-03
4.250755247054592e-07	3.121843101744671e-03
4.250764783797756e-07	3.121847247354713e-03
4.250783857284084e-07	3.121855538626545e-03
4.250822004256740e-07	3.121872121354769e-03
4.250898298202053e-07	3.121905287340933e-03
4.251050886092678e-07	3.121971619706855e-03
4.251356061873928e-07	3.122104270993294e-03
4.251966413436428e-07	3.122369401540830e-03
4.253187116561428e-07	3.122898441242801e-03
4.255628522811428e-07	3.123952305538647e-03
4.260511335311428e-07	3.126048267213792e-03
4.265394147811428e-07	3.128124037424949e-03
4.270276960311428e-07	3.130176963486712e-03
4.275159772811428e-07	3.132208855949852e-03
4.280042585311428e-07	3.134217703220491e-03
4.284925397811428e-07	3.136205467073882e-03
4.289808210311428e-07	3.138171384229187e-03
4.294691022811429e-07	3.140115501317958e-03
4.299573835311429e-07	3.142039367129690e-03
4.304456647811429e-07	3.143941561380864e-03
4.309339460311429e-07	3.145824191377928e-03
4.314222272811429e-07	3.147686706519309e-03
4.319105085311429e-07	3.149529527160091e-03
4.323987897811429e-07	3.151353788877154e-03
4.328870710311429e-07	3.153158141062206e-03
4.333753522811429e-07	3.154943767683218e-03
4.338636335311430e-07	3.156709025405477e-03
4.343519147811430e-07	3.158452917902838e-03
4.348401960311430e-07	3.160174007550117e-03
4.353284772811430e-07	3.161868327272499e-03
4.358167585311430e-07	3.163532919883748e-03
4.363050397811430e-07	3.165161218274436e-03
4.367933210311430e-07	3.166746031919950e-03
4.368543561873930e-07	3.166940664345432e-03
4.369764264998931e-07	3.167327880195830e-03
4.369802411971587e-07	3.167339919765328e-03
4.369878705916899e-07	3.167364004519056e-03
4.369897779403228e-07	3.167370027403844e-03
4.369935926375884e-07	3.167382073254264e-03
4.369945463119048e-07	3.167385084688263e-03
4.369964536605376e-07	3.167391107446786e-03
4.369969304976958e-07	3.167392613093910e-03
4.369978841720122e-07	3.167395624354855e-03
4.369981225905913e-07	3.167396377157678e-03
4.369985994277495e-07	3.167397882754556e-03
4.369995531020659e-07	3.167400893891345e-03
4.369995829043882e-07	3.167400987988492e-03
4.369995903549688e-07	3.167401011512796e-03
4.369996052561300e-07	3.167401058561309e-03
4.369996089814203e-07	3.167401070323469e-03
4.369996099127429e-07	3.167401073264027e-03
4.369996099163808e-07	3.167401073275514e-03
4.369996099168691e-07	3.167401073277055e-03
4.369996101496998e-07	3.167401074012359e-03
4.369996106153610e-07	3.167401075482783e-03
4.369996107317764e-07	3.167401075850340e-03
4.369996125944215e-07	3.167401081732594e-03
4.369996163197118e-07	3.167401093495941e-03
4.369996237702924e-07	3.167401117020246e-03
4.369996386714536e-07	3.167401164068327e-03
4.369996684737759e-07	3.167401258164396e-03
4.369997280784207e-07	3.167401446357156e-03
4.369998472877103e-07	3.167401822741451e-03
4.370000857062894e-07	3.167402575507481e-03
4.370005625434476e-07	3.167404081022077e-03
4.370015162177640e-07	3.167407091986583e-03
4.370034235663968e-07	3.167413113636901e-03
4.370072382636624e-07	3.167425155638307e-03
4.370148676581937e-07	3.167449233100477e-03
4.370301264472562e-07	3.167497351706699e-03
4.370606440253812e-07	3.167593373184883e-03
4.371216791816312e-07	3.167784174255089e-03
4.372437494941312e-07	3.168160296409115e-03
4.374878901191312e-07	3.168897943401778e-03
4.379761713691312e-07	3.170323712232513e-03
4.384644526191312e-07	3.171664344907489e-03
4.389527338691312e-07	3.172902250973629e-03
4.394410151191312e-07	3.174009117747751e-03
4.399292963691312e-07	3.174956387960288e-03
4.404175776191312e-07	3.175728066472184e-03
4.409058588691312e-07	3.176299721215352e-03
4.413941401191313e-07	3.176665426270289e-03
4.418824213691313e-07	3.176819300056391e-03
4.423707026191313e-07	3.176763119274657e-03
4.428589838691313e-07	3.176511058836499e-03
4.433472651191313e-07	3.176071180781374e-03
4.438355463691313e-07	3.175464055055421e-03
4.443238276191313e-07	3.174702923831869e-03
4.448121088691313e-07	3.173801511715908e-03
4.453003901191314e-07	3.172774912186285e-03
4.457886713691314e-07	3.171628080146232e-03
4.462769526191314e-07	3.170372042667802e-03
4.467652338691314e-07	3.169008905279718e-03
4.472535151191314e-07	3.167541730854639e-03
4.477417963691314e-07	3.165974071275536e-03
4.482300776191314e-07	3.164303338131132e-03
4.487183588691314e-07	3.162533396512658e-03
4.492066401191314e-07	3.160662217300870e-03
4.496949213691315e-07	3.158691127484429e-03
4.501832026191315e-07	3.156622316010824e-03
4.506714838691315e-07	3.154454875924672e-03
4.511597651191315e-07	3.152193625094726e-03
4.516480463691315e-07	3.149838910455646e-03
4.521363276191315e-07	3.147394729936967e-03
4.526246088691315e-07	3.144865198812641e-03
4.531128901191315e-07	3.142252723510262e-03
4.536011713691316e-07	3.139564079961281e-03
4.540894526191316e-07	3.136802432960288e-03
4.545777338691316e-07	3.133974350226076e-03
4.550660151191316e-07	3.131085899650115e-03
4.555542963691316e-07	3.128142327438318e-03
4.560425776191316e-07	3.125151979076871e-03
4.565308588691316e-07	3.122120248709867e-03
4.570191401191316e-07	3.119055391799149e-03
4.575074213691317e-07	3.115964653956362e-03
4.579957026191317e-07	3.112854898868072e-03
4.584839838691317e-07	3.109734915503747e-03
4.589722651191317e-07	3.106610989287555e-03
4.594605463691317e-07	3.103491575483384e-03
4.599488276191317e-07	3.100383723071328e-03
4.604371088691317e-07	3.097294268901362e-03
4.609253901191317e-07	3.094230989737315e-03
4.614136713691317e-07	3.091199516069108e-03
4.619019526191318e-07	3.088206979133618e-03
4.623902338691318e-07	3.085258898514645e-03
4.628785151191318e-07	3.082360651281390e-03
4.633667963691318e-07	3.079517854920086e-03
4.638550776191318e-07	3.076734340723879e-03
4.643433588691318e-07	3.074014927394076e-03
4.648316401191318e-07	3.071362830228305e-03
4.653199213691318e-07	3.068781206095077e-03
4.658082026191319e-07	3.066273047137153e-03
4.662964838691319e-07	3.063839959817397e-03
4.667847651191319e-07	3.061484205389114e-03
4.672730463691319e-07	3.059206625207295e-03
4.677613276191319e-07	3.057008113962570e-03
4.682496088691319e-07	3.054889230440945e-03
4.687378901191319e-07	3.052849555465911e-03
4.692261713691319e-07	3.050889154309037e-03
4.697144526191319e-07	3.049006986580656e-03
4.702027338691320e-07	3.047202235871569e-03
4.706910151191320e-07	3.045473740784889e-03
4.711792963691320e-07	3.043819628063253e-03
4.716675776191320e-07	3.042238068439721e-03
4.721558588691320e-07	3.040725672751432e-03
4.726441401191320e-07	3.039277980330446e-03
4.731324213691320e-07	3.037887936704124e-03
4.736207026191320e-07	3.036544610740175e-03
4.741089838691321e-07	3.035232422572940e-03
4.745972651191321e-07	3.033929413338848e-03
4.750855463691321e-07	3.032608504520058e-03
4.755738276191321e-07	3.031238838176222e-03
4.760621088691321e-07	3.029789435159656e-03
4.765503901191321e-07	3.028233673747732e-03
4.770386713691321e-07	3.026551990029106e-03
4.775269526191321e-07	3.024734559963502e-03
4.780152338691320e-07	3.022781504579929e-03
4.785035151191320e-07	3.020702905393490e-03
4.789917963691320e-07	3.018518314449545e-03
4.794800776191319e-07	3.016255928194957e-03
4.799683588691319e-07	3.013952506621740e-03
4.804566401191318e-07	3.011651222217328e-03
4.809449213691318e-07	3.009399125991036e-03
4.814332026191318e-07	3.007243511519843e-03
4.819214838691317e-07	3.005227976327674e-03
4.824097651191317e-07	3.003389764106256e-03
4.828980463691316e-07	3.001757327485247e-03
4.833863276191316e-07	3.000349739227967e-03
4.838746088691316e-07	2.999176738378568e-03
4.843628901191315e-07	2.998239458172386e-03
4.848511713691315e-07	2.997531981547960e-03
4.853394526191314e-07	2.997042450569587e-03
4.858277338691314e-07	2.996754728141105e-03
4.863160151191313e-07	2.996649579939194e-03
4.868042963691313e-07	2.996705790435973e-03
4.872925776191313e-07	2.996901433466786e-03
4.877808588691312e-07	2.997214656160046e-03
4.882691401191312e-07	2.997624870836474e-03
4.887574213691311e-07	2.998113493719272e-03
4.892457026191311e-07	2.998664588316715e-03
4.897339838691311e-07	2.999265331343373e-03
4.902222651191310e-07	2.999905832643638e-03
4.907105463691310e-07	3.000579002712365e-03
4.911988276191309e-07	3.001279902578658e-03
4.916871088691309e-07	3.002005137397950e-03
4.921753901191309e-07	3.002752316942026e-03
4.926636713691308e-07	3.003519416624446e-03
4.931519526191308e-07	3.004304557593835e-03
4.936402338691307e-07	3.005105680601719e-03
4.941285151191307e-07	3.005920490845527e-03
4.946167963691306e-07	3.006746487487856e-03
4.951050776191306e-07	3.007580922548647e-03
4.955933588691306e-07	3.008420989065530e-03
4.960816401191305e-07	3.009263809796441e-03
4.965699213691305e-07	3.010106559910942e-03
4.970582026191304e-07	3.010946541987884e-03
4.975464838691304e-07	3.011781173571913e-03
4.980347651191304e-07	3.012608106563266e-03
4.985230463691303e-07	3.013425169036871e-03
4.990113276191303e-07	3.014230424389218e-03
4.994996088691302e-07	3.015022170176311e-03
4.999878901191302e-07	3.015798897367708e-03
5.000000000000000e-07	3.015817961304526e-03
