time	sum_h_out_002_001
0.000000000000000e+00	-3.347257575196265e-07
4.882812480489244e-15	-3.347257575154614e-07
9.765624960978488e-15	-3.347257575154588e-07
1.953124992195698e-14	-3.347257575154028e-07
3.906249984391395e-14	-3.347257575153279e-07
7.812499968782791e-14	-3.347257575152929e-07
1.562499993756558e-13	-3.347257575153066e-07
3.124999987513116e-13	-3.347257575153101e-07
6.249999975026233e-13	-3.347257575151006e-07
1.249999995005247e-12	-3.347257575147953e-07
2.499999990010493e-12	-3.347257575141750e-07
4.999999980020986e-12	-3.347257575130578e-07
9.999999960041972e-12	-3.347257575112412e-07
1.999999992008394e-11	-3.347257575084061e-07
3.999999984016789e-11	-3.347257575042872e-07
7.999999968033578e-11	-3.347257574992583e-07
1.599999993606716e-10	-3.347257574927885e-07
3.199999987213431e-10	-3.347257574898483e-07
6.399999974426862e-10	-3.347257574997505e-07
9.999999999999999e-10	-3.347257575064643e-07
1.005723433869695e-09	-2.697320789651057e-07
1.017170301609084e-09	-1.449312864839196e-07
1.040064037087864e-09	7.676570680039659e-08
1.085851508045423e-09	4.351648604197259e-07
1.136712506380784e-09	7.397273482070488e-07
1.205372012532878e-09	1.054547829700124e-06
1.290516743838379e-09	1.338530632633848e-06
1.433682095102639e-09	1.626420356335841e-06
1.639189075795724e-09	1.788408173394938e-06
1.897867237448783e-09	1.831105752941787e-06
2.000000000000000e-09	1.832897982816982e-06
2.023917534507563e-09	1.590302471630132e-06
2.071752603522689e-09	1.170124805844204e-06
2.167422741552942e-09	5.963482259831195e-07
2.332359713791860e-09	2.459367537234496e-08
2.491320066791037e-09	-2.459701173161622e-07
2.518734305496586e-09	-2.704335954410750e-07
2.573562782907684e-09	-3.126969256066587e-07
2.683219737729880e-09	-3.698306152967673e-07
2.902533647374273e-09	-4.349528722188129e-07
3.152608194144037e-09	-4.708518415397902e-07
3.190336808637581e-09	-4.735976247199952e-07
3.265794037624668e-09	-4.782710948564609e-07
3.284658344871440e-09	-4.791629178902949e-07
3.285247854472901e-09	-4.791907162944570e-07
3.286426873675824e-09	-4.792461719530748e-07
3.286721628476555e-09	-4.792599831043837e-07
3.286795317176738e-09	-4.792634348001407e-07
3.286942694577103e-09	-4.792703360190491e-07
3.287237449377834e-09	-4.792841253639746e-07
3.287311138078017e-09	-4.792875694292021e-07
3.287458515478382e-09	-4.792944553820292e-07
3.287753270279113e-09	-4.793082142337795e-07
3.288342779880575e-09	-4.793356798365650e-07
3.289521799083498e-09	-4.793904035048210e-07
3.291879837489344e-09	-4.794990272528265e-07
3.296595914301037e-09	-4.797130303096238e-07
3.306028067924423e-09	-4.801284329306129e-07
3.324892375171195e-09	-4.809114984651519e-07
3.362620989664739e-09	-4.823038831256568e-07
3.372053143288125e-09	-4.826115141687646e-07
3.374411181693971e-09	-4.826876365755508e-07
3.379127258505664e-09	-4.828383520927285e-07
3.388559412129050e-09	-4.831304876699412e-07
3.390917450534896e-09	-4.832012472940853e-07
3.395633527346589e-09	-4.833412751783646e-07
3.405065680969975e-09	-4.836124867426083e-07
3.423929988216747e-09	-4.841204395038178e-07
3.461658602710291e-09	-4.850048230542676e-07
3.462837621913214e-09	-4.850296091580090e-07
3.465195660319061e-09	-4.850788583325073e-07
3.465785169920522e-09	-4.850910496690481e-07
3.466964189123445e-09	-4.851153519360941e-07
3.467258943924176e-09	-4.851213973714953e-07
3.467848453525638e-09	-4.851334681813474e-07
3.469027472728561e-09	-4.851574895644189e-07
3.471385511134407e-09	-4.852050526250817e-07
3.476101587946100e-09	-4.852982696316389e-07
3.485533741569486e-09	-4.854771438764620e-07
3.504398048816258e-09	-4.858052587965155e-07
3.542126663309802e-09	-4.863477713814276e-07
3.551558816933188e-09	-4.864559581640806e-07
3.570423124179960e-09	-4.866553273756532e-07
3.608151738673503e-09	-4.869531879378698e-07
3.617583892296889e-09	-4.870036959645400e-07
3.636448199543661e-09	-4.870896832019118e-07
3.674176814037205e-09	-4.871757689833473e-07
3.749634043024292e-09	-4.870432896526247e-07
3.768498350271064e-09	-4.869415604720762e-07
3.806226964764608e-09	-4.867003042248807e-07
3.815659118387994e-09	-4.866254499057696e-07
3.818017156793841e-09	-4.866064600957821e-07
3.822733233605533e-09	-4.865679309939410e-07
3.822880611005898e-09	-4.865667087322589e-07
3.823175365806629e-09	-4.865642621564866e-07
3.823249054506812e-09	-4.865636497167483e-07
3.823267476681858e-09	-4.865634965928582e-07
3.823304321031949e-09	-4.865631903069604e-07
3.823313532119472e-09	-4.865631137229400e-07
3.823331954294517e-09	-4.865629605466399e-07
3.823332529987487e-09	-4.865629557595551e-07
3.823332673910730e-09	-4.865629545627692e-07
3.823332674472930e-09	-4.865629545581160e-07
3.823334537118079e-09	-4.865629390653518e-07
3.823334817862656e-09	-4.865629367309782e-07
3.823334821500635e-09	-4.865629367007337e-07
3.823334825138614e-09	-4.865629366701169e-07
3.823335057969258e-09	-4.865629347335228e-07
3.823335523630545e-09	-4.865629308610654e-07
3.823335640045867e-09	-4.865629298931068e-07
3.823335643683846e-09	-4.865629298627880e-07
3.823335876514490e-09	-4.865629279261891e-07
3.823335905618320e-09	-4.865629276841371e-07
3.823335963825981e-09	-4.865629272000497e-07
3.823336196656625e-09	-4.865629252634484e-07
3.823336662317912e-09	-4.865629213909255e-07
3.823338524963061e-09	-4.865629058987848e-07
3.823338583170722e-09	-4.865629054147884e-07
3.823338583659003e-09	-4.865629054107222e-07
3.823368385981390e-09	-4.865626575283668e-07
3.823398188303778e-09	-4.865624096379399e-07
3.823457792948553e-09	-4.865619137354169e-07
3.823577002238104e-09	-4.865609213894950e-07
3.823815420817206e-09	-4.865589346294401e-07
3.824292257975409e-09	-4.865549527521006e-07
3.825245932291815e-09	-4.865469557315762e-07
3.827153280924628e-09	-4.865308291461643e-07
3.827630118082831e-09	-4.865267644882352e-07
3.828583792399237e-09	-4.865186143715581e-07
3.830491141032050e-09	-4.865021811038929e-07
3.830550745676825e-09	-4.865016646303967e-07
3.830669954966376e-09	-4.865006313516763e-07
3.830908373545478e-09	-4.864985627697655e-07
3.830915824126075e-09	-4.864984980816915e-07
3.830930725287269e-09	-4.864983687002473e-07
3.830930783494929e-09	-4.864983681948514e-07
3.830932646140079e-09	-4.864983520171804e-07
3.830936371430377e-09	-4.864983196668630e-07
3.830937302752952e-09	-4.864983115803816e-07
3.830939165398101e-09	-4.864982954072796e-07
3.830942890688399e-09	-4.864982630600728e-07
3.830950341268997e-09	-4.864981983624652e-07
3.830965242430190e-09	-4.864980689571196e-07
3.830995044752578e-09	-4.864978101135131e-07
3.831054649397353e-09	-4.864972922995313e-07
3.831173858686904e-09	-4.864962561645501e-07
3.831412277266006e-09	-4.864941818646566e-07
3.831889114424209e-09	-4.864900251473066e-07
3.832842788740615e-09	-4.864816792765232e-07
3.834750137373428e-09	-4.864648581945060e-07
3.838564834639052e-09	-4.864307022924927e-07
3.846194229170303e-09	-4.863603651540486e-07
3.861453018232803e-09	-4.862118207527722e-07
3.891970596357803e-09	-4.858850008791696e-07
3.953005752607803e-09	-4.851251828801506e-07
4.075076065107802e-09	-4.832669862749661e-07
4.319216690107803e-09	-4.787004695463785e-07
4.380251846357802e-09	-4.774272657188906e-07
4.502322158857802e-09	-4.748488353362992e-07
4.502798996016005e-09	-4.748386393528713e-07
4.503752670332411e-09	-4.748182483595950e-07
4.503991088911513e-09	-4.748131508183390e-07
4.504467926069716e-09	-4.748029558162817e-07
4.505421600386122e-09	-4.747825648265255e-07
4.505660018965224e-09	-4.747774668224201e-07
4.506136856123427e-09	-4.747672706498832e-07
4.507090530439833e-09	-4.747468773152822e-07
4.508997879072646e-09	-4.747060863581740e-07
4.512812576338271e-09	-4.746244869736339e-07
4.520441970869521e-09	-4.744612199881736e-07
4.535700759932021e-09	-4.741344349967680e-07
4.566218338057021e-09	-4.734800681253946e-07
4.627253494307021e-09	-4.721699085129646e-07
4.749323806807020e-09	-4.695557072520330e-07
4.993464431807021e-09	-4.644157358296785e-07
5.481745681807021e-09	-4.547134258999531e-07
5.802639596974390e-09	-4.487978119766336e-07
6.010720348879357e-09	-4.451505126247089e-07
6.192401523089096e-09	-4.420740280147600e-07
6.402779408254057e-09	-4.386236351158543e-07
6.555640696663171e-09	-4.361964858290676e-07
6.704459562004345e-09	-4.338873774332082e-07
6.845878049171293e-09	-4.317277327656223e-07
7.000727361419168e-09	-4.294145896701649e-07
7.149662595784997e-09	-4.272548778913419e-07
7.381351666007562e-09	-4.239949526843029e-07
7.617411355929184e-09	-4.207752911537640e-07
7.840824339241687e-09	-4.178344558514104e-07
7.990722730649872e-09	-4.159197220235340e-07
8.113319978452617e-09	-4.143820099956663e-07
8.263764169286408e-09	-4.125316830960150e-07
8.392536796564136e-09	-4.109843681018775e-07
8.514799032308480e-09	-4.095438658998774e-07
8.643432855563139e-09	-4.080548651883577e-07
8.758293191918011e-09	-4.067486658107383e-07
8.853888277050059e-09	-4.056794095631322e-07
8.974390173124702e-09	-4.043543217743682e-07
9.106104532733114e-09	-4.029330452592276e-07
9.297024606291643e-09	-4.009219248570070e-07
9.522482930427903e-09	-3.986212153580250e-07
9.769917385152445e-09	-3.961861325972366e-07
1.010498538664916e-08	-3.930302844899934e-07
1.031919422833514e-08	-3.910969581701221e-07
1.045008031288585e-08	-3.899499285275573e-07
1.054898582880488e-08	-3.891044050036796e-07
1.066017114029424e-08	-3.881736616965350e-07
1.077290099067819e-08	-3.872274608761971e-07
1.088085698912768e-08	-3.863031672513344e-07
1.100000000000000e-08	-3.852970886104631e-07
1.101392757605858e-08	-3.851835402644766e-07
1.104178272817573e-08	-3.849591591167723e-07
1.109749303241003e-08	-3.845264725056813e-07
1.116337587118233e-08	-3.840377595646656e-07
1.123925487460282e-08	-3.834899695306902e-07
1.135551326663315e-08	-3.826392104471893e-07
1.148359751040138e-08	-3.816598677363994e-07
1.159667770015510e-08	-3.807755800122011e-07
1.173172502477955e-08	-3.797607871861296e-07
1.187203998745017e-08	-3.787905728361298e-07
1.200000000000000e-08	-3.779481778052969e-07
1.202188179286781e-08	-3.778035972611656e-07
1.206564537860343e-08	-3.775123169302946e-07
1.215317255007466e-08	-3.769202098517811e-07
1.228415618499301e-08	-3.760316809204923e-07
1.242620581381146e-08	-3.750949452443039e-07
1.271030507144836e-08	-3.733148734810034e-07
1.302660367989917e-08	-3.714176431427270e-07
1.331238802868145e-08	-3.697714307168551e-07
1.367748592701169e-08	-3.677834580401720e-07
1.403498785132493e-08	-3.659379629384936e-07
1.417795446825009e-08	-3.652279692864482e-07
1.428582411492665e-08	-3.647062051723276e-07
1.441185007252823e-08	-3.641066523551087e-07
1.453130129351400e-08	-3.635453801248380e-07
1.470924100897184e-08	-3.627211616894931e-07
1.485638391131539e-08	-3.620536330899907e-07
1.502918852074413e-08	-3.612985992732213e-07
1.520094730176672e-08	-3.605810553736610e-07
1.551680678655053e-08	-3.592961981791786e-07
1.581864154961526e-08	-3.581068707580419e-07
1.612029205777608e-08	-3.569858145287297e-07
1.645492310003232e-08	-3.558032276818302e-07
1.677470149379479e-08	-3.547197965262066e-07
1.719189053664363e-08	-3.533941872014925e-07
1.761027738748879e-08	-3.521450032925238e-07
1.809855863748879e-08	-3.507835080507698e-07
1.836273470629727e-08	-3.500926441095512e-07
1.853230920055223e-08	-3.496614313653959e-07
1.866080085189401e-08	-3.493417657104124e-07
1.880905843934073e-08	-3.489820282480446e-07
1.901242220001915e-08	-3.485021406122053e-07
1.929836622698610e-08	-3.478512413829367e-07
1.959741195887010e-08	-3.472008671062585e-07
1.997444157376588e-08	-3.464230426403769e-07
2.041989653571271e-08	-3.455600267199616e-07
2.090817778571271e-08	-3.446803162708677e-07
2.139645903571271e-08	-3.438645739430299e-07
2.188474028571271e-08	-3.431082322991999e-07
2.237302153571271e-08	-3.424071842961542e-07
2.286130278571270e-08	-3.417570605495683e-07
2.334958403571270e-08	-3.411544731749117e-07
2.383786528571270e-08	-3.405957496253300e-07
2.432614653571270e-08	-3.400777607382963e-07
2.481442778571270e-08	-3.395975911903603e-07
2.530270903571270e-08	-3.391523642941918e-07
2.579099028571270e-08	-3.387396656573499e-07
2.627927153571269e-08	-3.383570213905287e-07
2.676755278571269e-08	-3.380022934931719e-07
2.725583403571269e-08	-3.376734419869908e-07
2.774411528571269e-08	-3.373685512057872e-07
2.823239653571269e-08	-3.370859157867628e-07
2.872067778571269e-08	-3.368238756575289e-07
2.920895903571269e-08	-3.365809500658338e-07
2.969724028571268e-08	-3.363557423456715e-07
3.018552153571268e-08	-3.361469476649781e-07
3.067380278571268e-08	-3.359533895527237e-07
3.116208403571268e-08	-3.357739352676132e-07
3.165036528571268e-08	-3.356075727081887e-07
3.213864653571268e-08	-3.354533375376418e-07
3.262692778571268e-08	-3.353103476554146e-07
3.311520903571268e-08	-3.351777849440662e-07
3.360349028571267e-08	-3.350548850359717e-07
3.409177153571267e-08	-3.349409459128218e-07
3.458005278571267e-08	-3.348353137703245e-07
3.506833403571267e-08	-3.347373799054531e-07
3.555661528571267e-08	-3.346465879847176e-07
3.604489653571267e-08	-3.345624107570982e-07
3.653317778571267e-08	-3.344843720176941e-07
3.702145903571266e-08	-3.344120189070664e-07
3.750974028571266e-08	-3.343449403971979e-07
3.799802153571266e-08	-3.342827496266606e-07
3.848630278571266e-08	-3.342250914093437e-07
3.897458403571266e-08	-3.341716342344168e-07
3.946286528571266e-08	-3.341220730510986e-07
3.995114653571266e-08	-3.340761217932106e-07
4.043942778571265e-08	-3.340335199857980e-07
4.092770903571265e-08	-3.339940201133096e-07
4.141599028571265e-08	-3.339573995176931e-07
4.190427153571265e-08	-3.339234449693510e-07
4.239255278571265e-08	-3.338919649597276e-07
4.288083403571265e-08	-3.338627768335143e-07
4.336911528571265e-08	-3.338357152770283e-07
4.385739653571265e-08	-3.338106238312064e-07
4.434567778571264e-08	-3.337873603243168e-07
4.483395903571264e-08	-3.337657899147069e-07
4.532224028571264e-08	-3.337457911421550e-07
4.581052153571264e-08	-3.337272472391805e-07
4.629880278571264e-08	-3.337100546097610e-07
4.678708403571264e-08	-3.336941123689566e-07
4.727536528571264e-08	-3.336793316518979e-07
4.776364653571263e-08	-3.336656258985057e-07
4.825192778571263e-08	-3.336529184004442e-07
4.874020903571263e-08	-3.336411350806178e-07
4.922849028571263e-08	-3.336302098686949e-07
4.971677153571263e-08	-3.336200789679733e-07
5.020505278571263e-08	-3.336106859611488e-07
5.069333403571263e-08	-3.336019754923181e-07
5.118161528571262e-08	-3.335938996203947e-07
5.166989653571262e-08	-3.335864103109922e-07
5.215817778571262e-08	-3.335794666154883e-07
5.264645903571262e-08	-3.335730272088079e-07
5.313474028571262e-08	-3.335670567657366e-07
5.362302153571262e-08	-3.335615199505857e-07
5.411130278571262e-08	-3.335563862667997e-07
5.459958403571262e-08	-3.335516253281406e-07
5.508786528571261e-08	-3.335472111055448e-07
5.557614653571261e-08	-3.335431171588339e-07
5.606442778571261e-08	-3.335393214888189e-07
5.655270903571261e-08	-3.335358010253045e-07
5.704099028571261e-08	-3.335325371022575e-07
5.752927153571261e-08	-3.335295097673857e-07
5.801755278571261e-08	-3.335267029721726e-07
5.850583403571260e-08	-3.335240996504205e-07
5.899411528571260e-08	-3.335216859086576e-07
5.948239653571260e-08	-3.335194471011904e-07
5.997067778571260e-08	-3.335173713745362e-07
6.045895903571260e-08	-3.335154459518727e-07
6.094724028571260e-08	-3.335136608807319e-07
6.143552153571260e-08	-3.335120049259754e-07
6.192380278571259e-08	-3.335104697454797e-07
6.241208403571259e-08	-3.335090455434848e-07
6.290036528571259e-08	-3.335077252011700e-07
6.338864653571259e-08	-3.335065003068631e-07
6.387692778571259e-08	-3.335053647036767e-07
6.436520903571259e-08	-3.335043111782759e-07
6.485349028571259e-08	-3.335033344693024e-07
6.534177153571259e-08	-3.335024282760690e-07
6.583005278571258e-08	-3.335015882272648e-07
6.631833403571258e-08	-3.335008087313222e-07
6.680661528571258e-08	-3.335000861978343e-07
6.729489653571258e-08	-3.334994156822939e-07
6.778317778571258e-08	-3.334987941787725e-07
6.827145903571258e-08	-3.334982174148415e-07
6.875974028571258e-08	-3.334976827921391e-07
6.924802153571257e-08	-3.334971866442699e-07
6.973630278571257e-08	-3.334967267601448e-07
7.022458403571257e-08	-3.334962999322584e-07
7.071286528571257e-08	-3.334959043453970e-07
7.120114653571257e-08	-3.334955371282890e-07
7.168942778571257e-08	-3.334951968397155e-07
7.217770903571257e-08	-3.334948809014817e-07
7.266599028571256e-08	-3.334945881577190e-07
7.315427153571256e-08	-3.334943163455343e-07
7.364255278571256e-08	-3.334940644911076e-07
7.413083403571256e-08	-3.334938306359496e-07
7.461911528571256e-08	-3.334936139576544e-07
7.510739653571256e-08	-3.334934127392611e-07
7.559567778571256e-08	-3.334932263303086e-07
7.608395903571256e-08	-3.334930531793425e-07
7.657224028571255e-08	-3.334928928103431e-07
7.706052153571255e-08	-3.334927438055962e-07
7.754880278571255e-08	-3.334926058338443e-07
7.803708403571255e-08	-3.334924776110578e-07
7.852536528571255e-08	-3.334923588895130e-07
7.901364653571255e-08	-3.334922485554697e-07
7.950192778571255e-08	-3.334921464023125e-07
7.999020903571254e-08	-3.334920514472583e-07
8.047849028571254e-08	-3.334919635554039e-07
8.096677153571254e-08	-3.334918818256657e-07
8.145505278571254e-08	-3.334918062045147e-07
8.194333403571254e-08	-3.334917358525038e-07
8.243161528571254e-08	-3.334916707899346e-07
8.291989653571254e-08	-3.334916102330843e-07
8.340817778571253e-08	-3.334915542400941e-07
8.389645903571253e-08	-3.334915021235786e-07
8.438474028571253e-08	-3.334914539403796e-07
8.487302153571253e-08	-3.334914090745025e-07
8.536130278571253e-08	-3.334913676129670e-07
8.584958403571253e-08	-3.334913289855938e-07
8.633786528571253e-08	-3.334912933130009e-07
8.682614653571253e-08	-3.334912600519278e-07
8.731442778571252e-08	-3.334912293555980e-07
8.780270903571252e-08	-3.334912007195437e-07
8.829099028571252e-08	-3.334911743031651e-07
8.877927153571252e-08	-3.334911496480872e-07
8.926755278571252e-08	-3.334911269105178e-07
8.975583403571252e-08	-3.334911056827556e-07
9.024411528571252e-08	-3.334910861166281e-07
9.073239653571251e-08	-3.334910678361140e-07
9.122067778571251e-08	-3.334910510022796e-07
9.170895903571251e-08	-3.334910352513852e-07
9.219724028571251e-08	-3.334910207694606e-07
9.268552153571251e-08	-3.334910072010732e-07
9.317380278571251e-08	-3.334909947405500e-07
9.366208403571251e-08	-3.334909830502591e-07
9.415036528571250e-08	-3.334909723265059e-07
9.463864653571250e-08	-3.334909622588091e-07
9.512692778571250e-08	-3.334909530327591e-07
9.561520903571250e-08	-3.334909443556346e-07
9.610349028571250e-08	-3.334909364150747e-07
9.659177153571250e-08	-3.334909289408246e-07
9.708005278571250e-08	-3.334909221136982e-07
9.756833403571250e-08	-3.334909156661225e-07
9.805661528571249e-08	-3.334909097941720e-07
9.854489653571249e-08	-3.334909042369593e-07
9.903317778571249e-08	-3.334908991844020e-07
9.952145903571249e-08	-3.334908943933497e-07
1.000097402857125e-07	-3.334908900467035e-07
1.004980215357125e-07	-3.334908859201169e-07
1.009863027857125e-07	-3.334908821782314e-07
1.014745840357125e-07	-3.334908786132830e-07
1.019628652857125e-07	-3.334908754031219e-07
1.024511465357125e-07	-3.334908723287668e-07
1.029394277857125e-07	-3.334908695663488e-07
1.034277090357125e-07	-3.334908669110937e-07
1.039159902857125e-07	-3.334908645367187e-07
1.044042715357125e-07	-3.334908622469067e-07
1.048925527857125e-07	-3.334908602059938e-07
1.053808340357125e-07	-3.334908582306465e-07
1.058691152857125e-07	-3.334908564773231e-07
1.063573965357125e-07	-3.334908547692405e-07
1.068456777857125e-07	-3.334908532643494e-07
1.073339590357125e-07	-3.334908517852763e-07
1.078222402857125e-07	-3.334908504958198e-07
1.083105215357125e-07	-3.334908492186061e-07
1.087988027857125e-07	-3.334908481124194e-07
1.092870840357125e-07	-3.334908470055209e-07
1.097753652857125e-07	-3.334908460583968e-07
1.102636465357125e-07	-3.334908451008124e-07
1.107519277857125e-07	-3.334908442849924e-07
1.112402090357125e-07	-3.334908434607392e-07
1.117284902857125e-07	-3.334908427583223e-07
1.122167715357125e-07	-3.334908420411914e-07
1.127050527857125e-07	-3.334908414446655e-07
1.131933340357125e-07	-3.334908408225719e-07
1.136816152857125e-07	-3.334908403125068e-07
1.141698965357124e-07	-3.334908397744274e-07
1.146581777857124e-07	-3.334908393362723e-07
1.151464590357124e-07	-3.334908388659733e-07
1.156347402857124e-07	-3.334908384930925e-07
1.161230215357124e-07	-3.334908380868220e-07
1.166113027857124e-07	-3.334908377679913e-07
1.170995840357124e-07	-3.334908374152727e-07
1.175878652857124e-07	-3.334908371444788e-07
1.180761465357124e-07	-3.334908368314960e-07
1.185644277857124e-07	-3.334908366066401e-07
1.190527090357124e-07	-3.334908363357176e-07
1.195409902857124e-07	-3.334908361410981e-07
1.200292715357124e-07	-3.334908359056144e-07
1.205175527857125e-07	-3.334908357411151e-07
1.210058340357125e-07	-3.334908355336164e-07
1.214941152857125e-07	-3.334908353957847e-07
1.219823965357125e-07	-3.334908352127323e-07
1.224706777857125e-07	-3.334908351002696e-07
1.229589590357125e-07	-3.334908349351998e-07
1.234472402857125e-07	-3.334908348419684e-07
1.239355215357125e-07	-3.334908347001147e-07
1.244238027857126e-07	-3.334908346202802e-07
1.249120840357126e-07	-3.334908344934382e-07
1.254003652857126e-07	-3.334908344295958e-07
1.258886465357126e-07	-3.334908343207856e-07
1.263769277857126e-07	-3.334908342655311e-07
1.268652090357126e-07	-3.334908341661003e-07
1.273534902857126e-07	-3.334908341225940e-07
1.278417715357126e-07	-3.334908340336835e-07
1.283300527857126e-07	-3.334908340005986e-07
1.288183340357127e-07	-3.334908339221122e-07
1.293066152857127e-07	-3.334908338927218e-07
1.297948965357127e-07	-3.334908338216523e-07
1.302831777857127e-07	-3.334908338049792e-07
1.307714590357127e-07	-3.334908337373037e-07
1.312597402857127e-07	-3.334908337290696e-07
1.317480215357127e-07	-3.334908336659921e-07
1.322363027857127e-07	-3.334908336545127e-07
1.327245840357128e-07	-3.334908336070418e-07
1.332128652857128e-07	-3.334908335993461e-07
1.337011465357128e-07	-3.334908335487652e-07
1.341894277857128e-07	-3.334908335504711e-07
1.346777090357128e-07	-3.334908335026031e-07
1.351659902857128e-07	-3.334908335050133e-07
1.356542715357128e-07	-3.334908334641304e-07
1.361425527857128e-07	-3.334908334673509e-07
1.366308340357128e-07	-3.334908334299630e-07
1.371191152857129e-07	-3.334908334369762e-07
1.376073965357129e-07	-3.334908334001055e-07
1.380956777857129e-07	-3.334908334078188e-07
1.385839590357129e-07	-3.334908333730086e-07
1.390722402857129e-07	-3.334908333841496e-07
1.395605215357129e-07	-3.334908333514399e-07
1.400488027857129e-07	-3.334908333631802e-07
1.405370840357129e-07	-3.334908333306616e-07
1.410253652857130e-07	-3.334908333452179e-07
1.415136465357130e-07	-3.334908333163783e-07
1.420019277857130e-07	-3.334908333278589e-07
1.424902090357130e-07	-3.334908333025370e-07
1.429784902857130e-07	-3.334908333174369e-07
1.434667715357130e-07	-3.334908332886451e-07
1.439550527857130e-07	-3.334908333037282e-07
1.444433340357130e-07	-3.334908332779282e-07
1.449316152857131e-07	-3.334908332927284e-07
1.454198965357131e-07	-3.334908332706916e-07
1.459081777857131e-07	-3.334908332861924e-07
1.463964590357131e-07	-3.334908332609029e-07
1.468847402857131e-07	-3.334908332772399e-07
1.473730215357131e-07	-3.334908332565150e-07
1.478613027857131e-07	-3.334908332717008e-07
1.483495840357131e-07	-3.334908332490915e-07
1.488378652857131e-07	-3.334908332649210e-07
1.493261465357132e-07	-3.334908332447365e-07
1.498144277857132e-07	-3.334908332593305e-07
1.503027090357132e-07	-3.334908332396599e-07
1.507909902857132e-07	-3.334908332568252e-07
1.512792715357132e-07	-3.334908332360572e-07
1.517675527857132e-07	-3.334908332528907e-07
1.522558340357132e-07	-3.334908332344576e-07
1.527441152857132e-07	-3.334908332524176e-07
1.532323965357133e-07	-3.334908332296801e-07
1.537206777857133e-07	-3.334908332468174e-07
1.542089590357133e-07	-3.334908332297882e-07
1.546972402857133e-07	-3.334908332424929e-07
1.551855215357133e-07	-3.334908332271439e-07
1.556738027857133e-07	-3.334908332404877e-07
1.561620840357133e-07	-3.334908332241719e-07
1.566503652857133e-07	-3.334908332406929e-07
1.571386465357133e-07	-3.334908332214799e-07
1.576269277857134e-07	-3.334908332400376e-07
1.581152090357134e-07	-3.334908332195908e-07
1.586034902857134e-07	-3.334908332385363e-07
1.590917715357134e-07	-3.334908332226959e-07
1.595800527857134e-07	-3.334908332376510e-07
1.600683340357134e-07	-3.334908332182430e-07
1.605566152857134e-07	-3.334908332372361e-07
1.610448965357134e-07	-3.334908332183730e-07
1.615331777857135e-07	-3.334908332350161e-07
1.620214590357135e-07	-3.334908332181950e-07
1.625097402857135e-07	-3.334908332344651e-07
1.629980215357135e-07	-3.334908332162605e-07
1.634863027857135e-07	-3.334908332299909e-07
1.639745840357135e-07	-3.334908332160803e-07
1.644628652857135e-07	-3.334908332328894e-07
1.649511465357135e-07	-3.334908332161533e-07
1.654394277857135e-07	-3.334908332314196e-07
1.659277090357136e-07	-3.334908332148985e-07
1.664159902857136e-07	-3.334908332323645e-07
1.669042715357136e-07	-3.334908332168602e-07
1.673925527857136e-07	-3.334908332318064e-07
1.678808340357136e-07	-3.334908332161797e-07
1.683691152857136e-07	-3.334908332338048e-07
1.688573965357136e-07	-3.334908332156535e-07
1.693456777857136e-07	-3.334908332287297e-07
1.698339590357137e-07	-3.334908332161454e-07
1.703222402857137e-07	-3.334908332324554e-07
1.708105215357137e-07	-3.334908332154647e-07
1.712988027857137e-07	-3.334908332299004e-07
1.717870840357137e-07	-3.334908332140551e-07
1.722753652857137e-07	-3.334908332314040e-07
1.727636465357137e-07	-3.334908332150934e-07
1.732519277857137e-07	-3.334908332286089e-07
1.737402090357138e-07	-3.334908332135726e-07
1.742284902857138e-07	-3.334908332320317e-07
1.747167715357138e-07	-3.334908332115803e-07
1.752050527857138e-07	-3.334908332292504e-07
1.756933340357138e-07	-3.334908332114257e-07
1.761816152857138e-07	-3.334908332293130e-07
1.766698965357138e-07	-3.334908332144169e-07
1.771581777857138e-07	-3.334908332305360e-07
1.776464590357138e-07	-3.334908332140417e-07
1.781347402857139e-07	-3.334908332297917e-07
1.786230215357139e-07	-3.334908332156387e-07
1.791113027857139e-07	-3.334908332297858e-07
1.795995840357139e-07	-3.334908332144845e-07
1.800878652857139e-07	-3.334908332278770e-07
1.805761465357139e-07	-3.334908332137804e-07
1.810644277857139e-07	-3.334908332287538e-07
1.815527090357139e-07	-3.334908332124011e-07
1.820409902857140e-07	-3.334908332296768e-07
1.825292715357140e-07	-3.334908332143889e-07
1.830175527857140e-07	-3.334908332263331e-07
1.835058340357140e-07	-3.334908332120861e-07
1.839941152857140e-07	-3.334908332285120e-07
1.844823965357140e-07	-3.334908332124999e-07
1.849706777857140e-07	-3.334908332267242e-07
1.854589590357140e-07	-3.334908332140210e-07
1.859472402857140e-07	-3.334908332301676e-07
1.864355215357141e-07	-3.334908332149776e-07
1.869238027857141e-07	-3.334908332275131e-07
1.874120840357141e-07	-3.334908332154156e-07
1.879003652857141e-07	-3.334908332331488e-07
1.883886465357141e-07	-3.334908332152171e-07
1.888769277857141e-07	-3.334908332290927e-07
1.893652090357141e-07	-3.334908332136257e-07
1.898534902857141e-07	-3.334908332278825e-07
1.903417715357142e-07	-3.334908332144460e-07
1.908300527857142e-07	-3.334908332284277e-07
1.913183340357142e-07	-3.334908332142149e-07
1.918066152857142e-07	-3.334908332262390e-07
1.922948965357142e-07	-3.334908332147358e-07
1.927831777857142e-07	-3.334908332297609e-07
1.932714590357142e-07	-3.334908332124232e-07
1.937597402857142e-07	-3.334908332279527e-07
1.942480215357142e-07	-3.334908332130210e-07
1.947363027857143e-07	-3.334908332281119e-07
1.952245840357143e-07	-3.334908332129394e-07
1.957128652857143e-07	-3.334908332258710e-07
1.962011465357143e-07	-3.334908332149499e-07
1.966894277857143e-07	-3.334908332274337e-07
1.971777090357143e-07	-3.334908332137098e-07
1.976659902857143e-07	-3.334908332298511e-07
1.981542715357143e-07	-3.334908332150876e-07
1.986425527857144e-07	-3.334908332280027e-07
1.991308340357144e-07	-3.334908332137794e-07
1.996191152857144e-07	-3.334908332275375e-07
2.001073965357144e-07	-3.334908332120441e-07
2.005956777857144e-07	-3.334908332275496e-07
2.010839590357144e-07	-3.334908332141467e-07
2.015722402857144e-07	-3.334908332287726e-07
2.020605215357144e-07	-3.334908332161502e-07
2.025488027857145e-07	-3.334908332270023e-07
2.030370840357145e-07	-3.334908332117308e-07
2.035253652857145e-07	-3.334908332285900e-07
2.040136465357145e-07	-3.334908332139923e-07
2.045019277857145e-07	-3.334908332257460e-07
2.049902090357145e-07	-3.334908332142920e-07
2.054784902857145e-07	-3.334908332263818e-07
2.059667715357145e-07	-3.334908332142552e-07
2.064550527857145e-07	-3.334908332283552e-07
2.069433340357146e-07	-3.334908332140655e-07
2.074316152857146e-07	-3.334908332288026e-07
2.079198965357146e-07	-3.334908332166642e-07
2.084081777857146e-07	-3.334908332287447e-07
2.088964590357146e-07	-3.334908332159823e-07
2.093847402857146e-07	-3.334908332251699e-07
2.098730215357146e-07	-3.334908332145578e-07
2.103613027857146e-07	-3.334908332254026e-07
2.108495840357147e-07	-3.334908332130418e-07
2.113378652857147e-07	-3.334908332274493e-07
2.118261465357147e-07	-3.334908332139569e-07
2.123144277857147e-07	-3.334908332256877e-07
2.128027090357147e-07	-3.334908332133777e-07
2.132909902857147e-07	-3.334908332266124e-07
2.137792715357147e-07	-3.334908332155593e-07
2.142675527857147e-07	-3.334908332275782e-07
2.147558340357147e-07	-3.334908332164954e-07
2.152441152857148e-07	-3.334908332298461e-07
2.157323965357148e-07	-3.334908332137487e-07
2.162206777857148e-07	-3.334908332278210e-07
2.167089590357148e-07	-3.334908332141194e-07
2.171972402857148e-07	-3.334908332279845e-07
2.176855215357148e-07	-3.334908332151969e-07
2.181738027857148e-07	-3.334908332269551e-07
2.186620840357148e-07	-3.334908332144309e-07
2.191503652857149e-07	-3.334908332288397e-07
2.196386465357149e-07	-3.334908332156541e-07
2.201269277857149e-07	-3.334908332278240e-07
2.206152090357149e-07	-3.334908332154527e-07
2.211034902857149e-07	-3.334908332287483e-07
2.215917715357149e-07	-3.334908332135281e-07
2.220800527857149e-07	-3.334908332280205e-07
2.225683340357149e-07	-3.334908332152041e-07
2.230566152857149e-07	-3.334908332279826e-07
2.235448965357150e-07	-3.334908332165925e-07
2.240331777857150e-07	-3.334908332287131e-07
2.245214590357150e-07	-3.334908332149295e-07
2.250097402857150e-07	-3.334908332266460e-07
2.254980215357150e-07	-3.334908332109800e-07
2.259863027857150e-07	-3.334908332279027e-07
2.264745840357150e-07	-3.334908332113709e-07
2.269628652857150e-07	-3.334908332276157e-07
2.274511465357151e-07	-3.334908332140187e-07
2.279394277857151e-07	-3.334908332257929e-07
2.284277090357151e-07	-3.334908332143086e-07
2.289159902857151e-07	-3.334908332267775e-07
2.294042715357151e-07	-3.334908332137084e-07
2.298925527857151e-07	-3.334908332281410e-07
2.303808340357151e-07	-3.334908332136492e-07
2.308691152857151e-07	-3.334908332259691e-07
2.313573965357152e-07	-3.334908332144953e-07
2.318456777857152e-07	-3.334908332272207e-07
2.323339590357152e-07	-3.334908332136757e-07
2.328222402857152e-07	-3.334908332273209e-07
2.333105215357152e-07	-3.334908332160726e-07
2.337988027857152e-07	-3.334908332282781e-07
2.342870840357152e-07	-3.334908332136859e-07
2.347753652857152e-07	-3.334908332247832e-07
2.352636465357152e-07	-3.334908332158942e-07
2.357519277857153e-07	-3.334908332251003e-07
2.362402090357153e-07	-3.334908332136505e-07
2.367284902857153e-07	-3.334908332262904e-07
2.372167715357153e-07	-3.334908332154996e-07
2.377050527857153e-07	-3.334908332267427e-07
2.381933340357153e-07	-3.334908332157000e-07
2.386816152857153e-07	-3.334908332266631e-07
2.391698965357153e-07	-3.334908332139290e-07
2.396581777857154e-07	-3.334908332248508e-07
2.401464590357154e-07	-3.334908332156041e-07
2.406347402857154e-07	-3.334908332280215e-07
2.411230215357154e-07	-3.334908332160949e-07
2.416113027857154e-07	-3.334908332273220e-07
2.420995840357154e-07	-3.334908332171025e-07
2.425878652857154e-07	-3.334908332258734e-07
2.430761465357154e-07	-3.334908332148049e-07
2.435644277857154e-07	-3.334908332271896e-07
2.440527090357155e-07	-3.334908332138110e-07
2.445409902857155e-07	-3.334908332278820e-07
2.450292715357155e-07	-3.334908332171129e-07
2.455175527857155e-07	-3.334908332274154e-07
2.460058340357155e-07	-3.334908332149706e-07
2.464941152857155e-07	-3.334908332288056e-07
2.469823965357155e-07	-3.334908332120616e-07
2.474706777857155e-07	-3.334908332276894e-07
2.479589590357156e-07	-3.334908332136917e-07
2.484472402857156e-07	-3.334908332293437e-07
2.489355215357156e-07	-3.334908332140758e-07
2.494238027857156e-07	-3.334908332253324e-07
2.499120840357156e-07	-3.334908332150255e-07
2.504003652857156e-07	-3.334908332273653e-07
2.508886465357156e-07	-3.334908332151120e-07
2.513769277857156e-07	-3.334908332266560e-07
2.518652090357157e-07	-3.334908332136347e-07
2.523534902857157e-07	-3.334908332274917e-07
2.528417715357157e-07	-3.334908332168320e-07
2.533300527857157e-07	-3.334908332271687e-07
2.538183340357157e-07	-3.334908332161137e-07
2.543066152857157e-07	-3.334908332273597e-07
2.547948965357157e-07	-3.334908332147098e-07
2.552831777857157e-07	-3.334908332266325e-07
2.557714590357157e-07	-3.334908332155420e-07
2.562597402857158e-07	-3.334908332279826e-07
2.567480215357158e-07	-3.334908332156414e-07
2.572363027857158e-07	-3.334908332267058e-07
2.577245840357158e-07	-3.334908332144609e-07
2.582128652857158e-07	-3.334908332273315e-07
2.587011465357158e-07	-3.334908332150715e-07
2.591894277857158e-07	-3.334908332265588e-07
2.596777090357158e-07	-3.334908332163459e-07
2.601659902857159e-07	-3.334908332265158e-07
2.606542715357159e-07	-3.334908332155170e-07
2.611425527857159e-07	-3.334908332269435e-07
2.616308340357159e-07	-3.334908332144285e-07
2.621191152857159e-07	-3.334908332266453e-07
2.626073965357159e-07	-3.334908332149366e-07
2.630956777857159e-07	-3.334908332278188e-07
2.635839590357159e-07	-3.334908332162177e-07
2.640722402857159e-07	-3.334908332223171e-07
2.645605215357160e-07	-3.334908332158045e-07
2.650488027857160e-07	-3.334908332292836e-07
2.655370840357160e-07	-3.334908332138937e-07
2.660253652857160e-07	-3.334908332277783e-07
2.665136465357160e-07	-3.334908332156534e-07
2.670019277857160e-07	-3.334908332281481e-07
2.674902090357160e-07	-3.334908332165954e-07
2.679784902857160e-07	-3.334908332243716e-07
2.684667715357161e-07	-3.334908332138560e-07
2.689550527857161e-07	-3.334908332274643e-07
2.694433340357161e-07	-3.334908332150567e-07
2.699316152857161e-07	-3.334908332279141e-07
2.704198965357161e-07	-3.334908332125418e-07
2.709081777857161e-07	-3.334908332260092e-07
2.713964590357161e-07	-3.334908332140544e-07
2.718847402857161e-07	-3.334908332251432e-07
2.723730215357161e-07	-3.334908332142569e-07
2.728613027857162e-07	-3.334908332277709e-07
2.733495840357162e-07	-3.334908332147203e-07
2.738378652857162e-07	-3.334908332271742e-07
2.743261465357162e-07	-3.334908332157764e-07
2.748144277857162e-07	-3.334908332254942e-07
2.753027090357162e-07	-3.334908332154040e-07
2.757909902857162e-07	-3.334908332249607e-07
2.762792715357162e-07	-3.334908332151796e-07
2.767675527857163e-07	-3.334908332262277e-07
2.772558340357163e-07	-3.334908332153543e-07
2.777441152857163e-07	-3.334908332263322e-07
2.782323965357163e-07	-3.334908332174348e-07
2.787206777857163e-07	-3.334908332265270e-07
2.792089590357163e-07	-3.334908332140994e-07
2.796972402857163e-07	-3.334908332270803e-07
2.801855215357163e-07	-3.334908332136212e-07
2.806738027857164e-07	-3.334908332272050e-07
2.811620840357164e-07	-3.334908332152959e-07
2.816503652857164e-07	-3.334908332259300e-07
2.821386465357164e-07	-3.334908332130153e-07
2.826269277857164e-07	-3.334908332270984e-07
2.831152090357164e-07	-3.334908332146288e-07
2.836034902857164e-07	-3.334908332246408e-07
2.840917715357164e-07	-3.334908332167450e-07
2.845800527857164e-07	-3.334908332258592e-07
2.850683340357165e-07	-3.334908332132662e-07
2.855566152857165e-07	-3.334908332256339e-07
2.860448965357165e-07	-3.334908332163710e-07
2.865331777857165e-07	-3.334908332270400e-07
2.870214590357165e-07	-3.334908332176267e-07
2.875097402857165e-07	-3.334908332287471e-07
2.879980215357165e-07	-3.334908332153395e-07
2.884863027857165e-07	-3.334908332269983e-07
2.889745840357166e-07	-3.334908332145439e-07
2.894628652857166e-07	-3.334908332273475e-07
2.899511465357166e-07	-3.334908332145353e-07
2.904394277857166e-07	-3.334908332269291e-07
2.909277090357166e-07	-3.334908332146778e-07
2.914159902857166e-07	-3.334908332267055e-07
2.919042715357166e-07	-3.334908332148950e-07
2.923925527857166e-07	-3.334908332263572e-07
2.928808340357166e-07	-3.334908332144041e-07
2.933691152857167e-07	-3.334908332276205e-07
2.938573965357167e-07	-3.334908332145706e-07
2.943456777857167e-07	-3.334908332258559e-07
2.948339590357167e-07	-3.334908332166106e-07
2.953222402857167e-07	-3.334908332256018e-07
2.958105215357167e-07	-3.334908332162146e-07
2.962988027857167e-07	-3.334908332270975e-07
2.967870840357167e-07	-3.334908332146813e-07
2.972753652857168e-07	-3.334908332266697e-07
2.977636465357168e-07	-3.334908332155653e-07
2.982519277857168e-07	-3.334908332269140e-07
2.987402090357168e-07	-3.334908332152107e-07
2.992284902857168e-07	-3.334908332275957e-07
2.997167715357168e-07	-3.334908332150916e-07
3.002050527857168e-07	-3.334908332259562e-07
3.006933340357168e-07	-3.334908332143959e-07
3.011816152857168e-07	-3.334908332252665e-07
3.016698965357169e-07	-3.334908332152713e-07
3.021581777857169e-07	-3.334908332274230e-07
3.026464590357169e-07	-3.334908332171204e-07
3.031347402857169e-07	-3.334908332244554e-07
3.036230215357169e-07	-3.334908332159759e-07
3.041113027857169e-07	-3.334908332279671e-07
3.045995840357169e-07	-3.334908332137575e-07
3.050878652857169e-07	-3.334908332279383e-07
3.055761465357170e-07	-3.334908332156493e-07
3.060644277857170e-07	-3.334908332239987e-07
3.065527090357170e-07	-3.334908332174117e-07
3.070409902857170e-07	-3.334908332265100e-07
3.075292715357170e-07	-3.334908332129782e-07
3.080175527857170e-07	-3.334908332267973e-07
3.085058340357170e-07	-3.334908332154564e-07
3.089941152857170e-07	-3.334908332272169e-07
3.094823965357171e-07	-3.334908332144565e-07
3.099706777857171e-07	-3.334908332281566e-07
3.104589590357171e-07	-3.334908332173541e-07
3.109472402857171e-07	-3.334908332272619e-07
3.114355215357171e-07	-3.334908332152546e-07
3.119238027857171e-07	-3.334908332255485e-07
3.124120840357171e-07	-3.334908332174105e-07
3.129003652857171e-07	-3.334908332241129e-07
3.133886465357171e-07	-3.334908332157567e-07
3.138769277857172e-07	-3.334908332260219e-07
3.143652090357172e-07	-3.334908332166127e-07
3.148534902857172e-07	-3.334908332271269e-07
3.153417715357172e-07	-3.334908332159319e-07
3.158300527857172e-07	-3.334908332257277e-07
3.163183340357172e-07	-3.334908332166633e-07
3.168066152857172e-07	-3.334908332260463e-07
3.172948965357172e-07	-3.334908332154427e-07
3.177831777857173e-07	-3.334908332254168e-07
3.182714590357173e-07	-3.334908332147654e-07
3.187597402857173e-07	-3.334908332289057e-07
3.192480215357173e-07	-3.334908332136432e-07
3.197363027857173e-07	-3.334908332259203e-07
3.202245840357173e-07	-3.334908332160969e-07
3.207128652857173e-07	-3.334908332253692e-07
3.212011465357173e-07	-3.334908332171197e-07
3.216894277857173e-07	-3.334908332255419e-07
3.221777090357174e-07	-3.334908332157632e-07
3.226659902857174e-07	-3.334908332288201e-07
3.231542715357174e-07	-3.334908332138727e-07
3.236425527857174e-07	-3.334908332263983e-07
3.241308340357174e-07	-3.334908332153247e-07
3.246191152857174e-07	-3.334908332256458e-07
3.251073965357174e-07	-3.334908332165938e-07
3.255956777857174e-07	-3.334908332251862e-07
3.260839590357175e-07	-3.334908332140653e-07
3.265722402857175e-07	-3.334908332265744e-07
3.270605215357175e-07	-3.334908332147980e-07
3.275488027857175e-07	-3.334908332254432e-07
3.280370840357175e-07	-3.334908332157883e-07
3.285253652857175e-07	-3.334908332251668e-07
3.290136465357175e-07	-3.334908332161332e-07
3.295019277857175e-07	-3.334908332274819e-07
3.299902090357175e-07	-3.334908332124921e-07
3.304784902857176e-07	-3.334908332260025e-07
3.309667715357176e-07	-3.334908332161320e-07
3.314550527857176e-07	-3.334908332266565e-07
3.319433340357176e-07	-3.334908332154430e-07
3.324316152857176e-07	-3.334908332245696e-07
3.329198965357176e-07	-3.334908332158580e-07
3.334081777857176e-07	-3.334908332241577e-07
3.338964590357176e-07	-3.334908332181123e-07
3.343847402857177e-07	-3.334908332255295e-07
3.348730215357177e-07	-3.334908332151683e-07
3.353613027857177e-07	-3.334908332265373e-07
3.358495840357177e-07	-3.334908332137793e-07
3.363378652857177e-07	-3.334908332258127e-07
3.368261465357177e-07	-3.334908332152358e-07
3.373144277857177e-07	-3.334908332249460e-07
3.378027090357177e-07	-3.334908332161927e-07
3.382909902857178e-07	-3.334908332254243e-07
3.387792715357178e-07	-3.334908332171545e-07
3.392675527857178e-07	-3.334908332268731e-07
3.397558340357178e-07	-3.334908332167299e-07
3.402441152857178e-07	-3.334908332250772e-07
3.407323965357178e-07	-3.334908332162232e-07
3.412206777857178e-07	-3.334908332255043e-07
3.417089590357178e-07	-3.334908332166485e-07
3.421972402857178e-07	-3.334908332223925e-07
3.426855215357179e-07	-3.334908332164389e-07
3.431738027857179e-07	-3.334908332279267e-07
3.436620840357179e-07	-3.334908332158281e-07
3.441503652857179e-07	-3.334908332252649e-07
3.446386465357179e-07	-3.334908332162598e-07
3.451269277857179e-07	-3.334908332251927e-07
3.456152090357179e-07	-3.334908332154353e-07
3.461034902857179e-07	-3.334908332248972e-07
3.465917715357180e-07	-3.334908332164554e-07
3.470800527857180e-07	-3.334908332274811e-07
3.475683340357180e-07	-3.334908332146162e-07
3.480566152857180e-07	-3.334908332255047e-07
3.485448965357180e-07	-3.334908332154380e-07
3.490331777857180e-07	-3.334908332269361e-07
3.495214590357180e-07	-3.334908332140954e-07
3.500097402857180e-07	-3.334908332254045e-07
3.504980215357180e-07	-3.334908332156148e-07
3.509863027857181e-07	-3.334908332245782e-07
3.514745840357181e-07	-3.334908332143440e-07
3.519628652857181e-07	-3.334908332260712e-07
3.524511465357181e-07	-3.334908332158911e-07
3.529394277857181e-07	-3.334908332251333e-07
3.534277090357181e-07	-3.334908332156890e-07
3.539159902857181e-07	-3.334908332246122e-07
3.544042715357181e-07	-3.334908332146630e-07
3.548925527857182e-07	-3.334908332263393e-07
3.553808340357182e-07	-3.334908332163454e-07
3.558691152857182e-07	-3.334908332260348e-07
3.563573965357182e-07	-3.334908332164206e-07
3.568456777857182e-07	-3.334908332230763e-07
3.573339590357182e-07	-3.334908332162086e-07
3.578222402857182e-07	-3.334908332259860e-07
3.583105215357182e-07	-3.334908332146645e-07
3.587988027857182e-07	-3.334908332252179e-07
3.592870840357183e-07	-3.334908332176096e-07
3.597753652857183e-07	-3.334908332251739e-07
3.602636465357183e-07	-3.334908332153594e-07
3.607519277857183e-07	-3.334908332259764e-07
3.612402090357183e-07	-3.334908332179359e-07
3.617284902857183e-07	-3.334908332242393e-07
3.622167715357183e-07	-3.334908332150528e-07
3.627050527857183e-07	-3.334908332250377e-07
3.631933340357184e-07	-3.334908332160283e-07
3.636816152857184e-07	-3.334908332256179e-07
3.641698965357184e-07	-3.334908332167835e-07
3.646581777857184e-07	-3.334908332266943e-07
3.651464590357184e-07	-3.334908332153226e-07
3.656347402857184e-07	-3.334908332246212e-07
3.661230215357184e-07	-3.334908332156569e-07
3.666113027857184e-07	-3.334908332236483e-07
3.670995840357185e-07	-3.334908332166761e-07
3.675878652857185e-07	-3.334908332263498e-07
3.680761465357185e-07	-3.334908332142504e-07
3.685644277857185e-07	-3.334908332264664e-07
3.690527090357185e-07	-3.334908332159643e-07
3.695409902857185e-07	-3.334908332265396e-07
3.700292715357185e-07	-3.334908332142865e-07
3.705175527857185e-07	-3.334908332239245e-07
3.710058340357185e-07	-3.334908332157963e-07
3.714941152857186e-07	-3.334908332263245e-07
3.719823965357186e-07	-3.334908332144599e-07
3.724706777857186e-07	-3.334908332252427e-07
3.729589590357186e-07	-3.334908332161598e-07
3.734472402857186e-07	-3.334908332240057e-07
3.739355215357186e-07	-3.334908332151147e-07
3.744238027857186e-07	-3.334908332273645e-07
3.749120840357186e-07	-3.334908332156735e-07
3.754003652857187e-07	-3.334908332256880e-07
3.758886465357187e-07	-3.334908332188745e-07
3.763769277857187e-07	-3.334908332253630e-07
3.768652090357187e-07	-3.334908332156827e-07
3.773534902857187e-07	-3.334908332263989e-07
3.778417715357187e-07	-3.334908332171279e-07
3.783300527857187e-07	-3.334908332248251e-07
3.788183340357187e-07	-3.334908332146193e-07
3.793066152857187e-07	-3.334908332266705e-07
3.797948965357188e-07	-3.334908332163220e-07
3.802831777857188e-07	-3.334908332252251e-07
3.807714590357188e-07	-3.334908332177157e-07
3.812597402857188e-07	-3.334908332270496e-07
3.817480215357188e-07	-3.334908332161299e-07
3.822363027857188e-07	-3.334908332278193e-07
3.827245840357188e-07	-3.334908332169618e-07
3.832128652857188e-07	-3.334908332235003e-07
3.837011465357189e-07	-3.334908332177309e-07
3.841894277857189e-07	-3.334908332257469e-07
3.846777090357189e-07	-3.334908332121383e-07
3.851659902857189e-07	-3.334908332248725e-07
3.856542715357189e-07	-3.334908332176873e-07
3.861425527857189e-07	-3.334908332267519e-07
3.866308340357189e-07	-3.334908332178028e-07
3.871191152857189e-07	-3.334908332260015e-07
3.876073965357189e-07	-3.334908332160109e-07
3.880956777857190e-07	-3.334908332257249e-07
3.885839590357190e-07	-3.334908332159047e-07
3.890722402857190e-07	-3.334908332239100e-07
3.895605215357190e-07	-3.334908332175475e-07
3.900488027857190e-07	-3.334908332275945e-07
3.905370840357190e-07	-3.334908332165179e-07
3.910253652857190e-07	-3.334908332262589e-07
3.915136465357190e-07	-3.334908332141387e-07
3.920019277857191e-07	-3.334908332254457e-07
3.924902090357191e-07	-3.334908332154774e-07
3.929784902857191e-07	-3.334908332241257e-07
3.934667715357191e-07	-3.334908332164658e-07
3.939550527857191e-07	-3.334908332235709e-07
3.944433340357191e-07	-3.334908332182978e-07
3.949316152857191e-07	-3.334908332240350e-07
3.954198965357191e-07	-3.334908332145520e-07
3.959081777857192e-07	-3.334908332268172e-07
3.963964590357192e-07	-3.334908332125645e-07
3.968847402857192e-07	-3.334908332242541e-07
3.973730215357192e-07	-3.334908332153448e-07
3.978613027857192e-07	-3.334908332250582e-07
3.983495840357192e-07	-3.334908332163861e-07
3.988378652857192e-07	-3.334908332257856e-07
3.993261465357192e-07	-3.334908332154131e-07
3.998144277857192e-07	-3.334908332282567e-07
4.000000000000000e-07	-3.334908332173598e-07
4.000031602424653e-07	-3.700345910689905e-07
4.000094807273958e-07	-4.414629343543152e-07
4.000221216972570e-07	-5.749429432895939e-07
4.000474036369792e-07	-8.097184222242003e-07
4.000921503235024e-07	-1.145433444253834e-06
4.001397589762541e-07	-1.423662791170463e-06
4.001903712314416e-07	-1.660717174706860e-06
4.002362548733412e-07	-1.836662623612732e-06
4.002916247797264e-07	-2.008366274571344e-06
4.003647370944559e-07	-2.177050837455091e-06
4.005087205742413e-07	-2.370471316076085e-06
4.006779593332350e-07	-2.458481935275925e-06
4.009198208956762e-07	-2.487118167680164e-06
4.010000000000000e-07	-2.484888076517884e-06
4.010253427211687e-07	-2.228630500348188e-06
4.010760281635062e-07	-1.787464711000857e-06
4.011773990481812e-07	-1.193721471415439e-06
4.013102519270590e-07	-7.251196328432947e-07
4.014651632368205e-07	-4.291773326635438e-07
4.017091747307285e-07	-2.587003875669913e-07
4.020089504026129e-07	-2.062578737093075e-07
4.023466948697281e-07	-1.773547182959519e-07
4.026259990754502e-07	-1.754209918378504e-07
4.029290030936748e-07	-1.797533159144695e-07
4.032443329615766e-07	-1.848546138245730e-07
4.037326142115766e-07	-1.965569974082683e-07
4.042208954615766e-07	-2.068103476333724e-07
4.047091767115767e-07	-2.163279837197204e-07
4.051974579615767e-07	-2.250149893655030e-07
4.056857392115767e-07	-2.328019383595864e-07
4.061740204615767e-07	-2.402450994369208e-07
4.066414898148389e-07	-2.467006680174985e-07
4.071297710648389e-07	-2.530876286822995e-07
4.076180523148389e-07	-2.589679446704561e-07
4.081063335648389e-07	-2.644390890646718e-07
4.085946148148389e-07	-2.695267838398793e-07
4.090828960648389e-07	-2.742321650708728e-07
4.095711773148389e-07	-2.786146872464936e-07
4.100000000000000e-07	-2.821916132048752e-07
4.100117699923098e-07	-2.822869428916435e-07
4.100353099769292e-07	-2.824762747225011e-07
4.100823899461682e-07	-2.828532952233465e-07
4.101365871374127e-07	-2.832843318364570e-07
4.102001702924622e-07	-2.837853655111764e-07
4.103018534965724e-07	-2.845761634071866e-07
4.105052199047930e-07	-2.861205204801605e-07
4.108659698816295e-07	-2.887446908559419e-07
4.110000000000000e-07	-2.896832422512023e-07
4.110228242179962e-07	-2.898408821957328e-07
4.110684726539885e-07	-2.901549434507689e-07
4.111597695259733e-07	-2.907766240285734e-07
4.112849699900310e-07	-2.916151769069446e-07
4.114220466618326e-07	-2.925148988945358e-07
4.116962000054357e-07	-2.942587678966997e-07
4.121740275637789e-07	-2.971288082630718e-07
4.126623088137789e-07	-2.998519714554836e-07
4.131505900637789e-07	-3.023782792455964e-07
4.136388713137789e-07	-3.047220208246162e-07
4.141271525637789e-07	-3.068961858463298e-07
4.146154338137790e-07	-3.089127368869121e-07
4.151037150637790e-07	-3.107835739774503e-07
4.155919963137790e-07	-3.125187209338715e-07
4.160802775637790e-07	-3.141283662342893e-07
4.165685588137790e-07	-3.156212770896085e-07
4.170568400637790e-07	-3.170060795376897e-07
4.175451213137790e-07	-3.182904908986239e-07
4.180334025637790e-07	-3.194818135449802e-07
4.185216838137791e-07	-3.205867808474338e-07
4.190099650637791e-07	-3.216116339645462e-07
4.194982463137791e-07	-3.225621864214129e-07
4.199865275637791e-07	-3.234438138785772e-07
4.204748088137791e-07	-3.242615098383111e-07
4.209630900637791e-07	-3.250199131380406e-07
4.214513713137791e-07	-3.257233447012140e-07
4.215124064700291e-07	-3.258071843840851e-07
4.216344767825291e-07	-3.259733050014172e-07
4.216649943606541e-07	-3.260142443043407e-07
4.217260295169041e-07	-3.260957502075486e-07
4.217412883059666e-07	-3.261159817693773e-07
4.217451030032323e-07	-3.261210366788680e-07
4.217527323977635e-07	-3.261311407144948e-07
4.217546397463963e-07	-3.261336644316165e-07
4.217584544436620e-07	-3.261387104324833e-07
4.217585736529515e-07	-3.261388680690597e-07
4.217588120715306e-07	-3.261391833362042e-07
4.217588716761754e-07	-3.261392621507662e-07
4.217589908854650e-07	-3.261394197783339e-07
4.217592293040441e-07	-3.261397350248042e-07
4.217597061412023e-07	-3.261403654825399e-07
4.217606598155187e-07	-3.261416262587483e-07
4.217625671641515e-07	-3.261441472545819e-07
4.217663818614171e-07	-3.261491870158852e-07
4.217740112559484e-07	-3.261592576041696e-07
4.217892700450109e-07	-3.261793630502190e-07
4.218197876231359e-07	-3.262194312327690e-07
4.218808227793859e-07	-3.262989997570858e-07
4.220028930918859e-07	-3.264559036070365e-07
4.222470337168859e-07	-3.267610561846321e-07
4.223080688731359e-07	-3.268352236925885e-07
4.223233276621984e-07	-3.268537213830399e-07
4.223538452403234e-07	-3.268906312835124e-07
4.223614746348546e-07	-3.268998258763419e-07
4.223767334239171e-07	-3.269181941877914e-07
4.223805481211828e-07	-3.269227782064771e-07
4.223881775157140e-07	-3.269319410803145e-07
4.224034363047765e-07	-3.269502349195018e-07
4.224039131419347e-07	-3.269508059028675e-07
4.224040323512243e-07	-3.269509486461550e-07
4.224042707698034e-07	-3.269512341277910e-07
4.224043303744482e-07	-3.269513054962823e-07
4.224044495837377e-07	-3.269514482320143e-07
4.224044793860601e-07	-3.269514839154943e-07
4.224045389907049e-07	-3.269515552820967e-07
4.224045538918661e-07	-3.269515731236313e-07
4.224045576171564e-07	-3.269515775839764e-07
4.224045650677370e-07	-3.269515865047477e-07
4.224045669303821e-07	-3.269515887349874e-07
4.224045673960434e-07	-3.269515892924993e-07
4.224045683273660e-07	-3.269515904075592e-07
4.224045683310039e-07	-3.269515904119192e-07
4.224045683382799e-07	-3.269515904206530e-07
4.224045702009250e-07	-3.269515926470537e-07
4.224045739262153e-07	-3.269515971046910e-07
4.224045813767959e-07	-3.269516060285810e-07
4.224045962779571e-07	-3.269516238713268e-07
4.224046260802795e-07	-3.269516595537547e-07
4.224046856849243e-07	-3.269517309184194e-07
4.224048048942138e-07	-3.269518736463612e-07
4.224050433127929e-07	-3.269521590950107e-07
4.224055201499511e-07	-3.269527299611870e-07
4.224064738242675e-07	-3.269538715690594e-07
4.224083811729003e-07	-3.269561542887341e-07
4.224121958701659e-07	-3.269607177480557e-07
4.224198252646972e-07	-3.269698367464522e-07
4.224350840537597e-07	-3.269880429913515e-07
4.224656016318847e-07	-3.270243277378544e-07
4.225266367881347e-07	-3.270963818163529e-07
4.226487071006347e-07	-3.272384358357524e-07
4.228928477256347e-07	-3.275146452389630e-07
4.233811289756347e-07	-3.280371609711438e-07
4.238694102256347e-07	-3.285217379330685e-07
4.239304453818847e-07	-3.285794736740520e-07
4.239457041709473e-07	-3.285938737064592e-07
4.239762217490722e-07	-3.286226084361991e-07
4.239838511436035e-07	-3.286297671742727e-07
4.239991099326660e-07	-3.286440690689442e-07
4.240029246299316e-07	-3.286476384878173e-07
4.240105540244629e-07	-3.286547734725480e-07
4.240124613730957e-07	-3.286565557098460e-07
4.240162760703613e-07	-3.286601192239371e-07
4.240172297446777e-07	-3.286610097250144e-07
4.240191370933105e-07	-3.286627904866703e-07
4.240196139304687e-07	-3.286632355828555e-07
4.240205676047851e-07	-3.286641257146975e-07
4.240224749534179e-07	-3.286659056044283e-07
4.240229517905762e-07	-3.286663504839546e-07
4.240239054648925e-07	-3.286672401813325e-07
4.240258128135254e-07	-3.286690192053102e-07
4.240296275107910e-07	-3.286725757659938e-07
4.240372569053222e-07	-3.286796829257430e-07
4.240525156943848e-07	-3.286938732791633e-07
4.240830332725097e-07	-3.287221569572038e-07
4.241440684287597e-07	-3.287783274017188e-07
4.242661387412598e-07	-3.288890579831377e-07
4.245102793662597e-07	-3.291043091244312e-07
4.245179087607910e-07	-3.291109015008697e-07
4.245331675498535e-07	-3.291240713008937e-07
4.245369822471191e-07	-3.291273581548633e-07
4.245446116416504e-07	-3.291339282125850e-07
4.245465189902832e-07	-3.291355693050671e-07
4.245469958274414e-07	-3.291359795491278e-07
4.245479495017578e-07	-3.291367999805047e-07
4.245481879203369e-07	-3.291370050664491e-07
4.245486647574951e-07	-3.291374152238273e-07
4.245487839667847e-07	-3.291375177576924e-07
4.245490223853638e-07	-3.291377228218175e-07
4.245490819900085e-07	-3.291377740864561e-07
4.245492011992981e-07	-3.291378766148803e-07
4.245492310016205e-07	-3.291379022466697e-07
4.245492384522010e-07	-3.291379086545957e-07
4.245492403148462e-07	-3.291379102565830e-07
4.245492440401365e-07	-3.291379134605558e-07
4.245492441565518e-07	-3.291379135606314e-07
4.245492441856556e-07	-3.291379135846208e-07
4.245492442438633e-07	-3.291379136336542e-07
4.245492443602786e-07	-3.291379137338667e-07
4.245492445931093e-07	-3.291379139336206e-07
4.245492450587706e-07	-3.291379143336471e-07
4.245492451751859e-07	-3.291379144338567e-07
4.245492452042897e-07	-3.291379144588790e-07
4.245492452051992e-07	-3.291379144596740e-07
4.245492452056875e-07	-3.291379144600166e-07
4.245492452066641e-07	-3.291379144608418e-07
4.245492452086172e-07	-3.291379144624822e-07
4.245492452091054e-07	-3.291379144628948e-07
4.245492470717506e-07	-3.291379158248607e-07
4.245492507970409e-07	-3.291379188617647e-07
4.245492582476214e-07	-3.291379254638844e-07
4.245492731487826e-07	-3.291379383713706e-07
4.245493029511050e-07	-3.291379639843308e-07
4.245493625557498e-07	-3.291380152273660e-07
4.245494817650394e-07	-3.291381177473544e-07
4.245497201836184e-07	-3.291383228062138e-07
4.245501970207767e-07	-3.291387329028683e-07
4.245511506950930e-07	-3.291395529731255e-07
4.245530580437259e-07	-3.291411927160276e-07
4.245568727409915e-07	-3.291444707688403e-07
4.245645021355227e-07	-3.291510212644104e-07
4.245797609245853e-07	-3.291640999637018e-07
4.245835756218509e-07	-3.291673640761419e-07
4.245912050163821e-07	-3.291738885812961e-07
4.245914434349612e-07	-3.291740923486232e-07
4.245915030396060e-07	-3.291741432900899e-07
4.245916222488956e-07	-3.291742451719419e-07
4.245918606674747e-07	-3.291744489302572e-07
4.245918681180552e-07	-3.291744552975808e-07
4.245918830192164e-07	-3.291744680322174e-07
4.245919128215388e-07	-3.291744935014737e-07
4.245919137528614e-07	-3.291744942974106e-07
4.245919156155065e-07	-3.291744958891630e-07
4.245919156191445e-07	-3.291744958921917e-07
4.245919156200540e-07	-3.291744958930180e-07
4.245919174826991e-07	-3.291744974275774e-07
4.245919174899751e-07	-3.291744974338099e-07
4.245919193526202e-07	-3.291744990304775e-07
4.245919230779105e-07	-3.291745022253110e-07
4.245919305284911e-07	-3.291745086094335e-07
4.245919454296523e-07	-3.291745213514213e-07
4.245919752319747e-07	-3.291745468179513e-07
4.245920348366195e-07	-3.291745977531165e-07
4.245921540459090e-07	-3.291746996263562e-07
4.245923924644881e-07	-3.291749033707163e-07
4.245928693016463e-07	-3.291753108375668e-07
4.245938229759627e-07	-3.291761256793956e-07
4.245957303245955e-07	-3.291777550076628e-07
4.245995450218611e-07	-3.291810122639245e-07
4.246071744163924e-07	-3.291875211885911e-07
4.246224332054549e-07	-3.292005166789392e-07
4.246529507835799e-07	-3.292264179560863e-07
4.247139859398299e-07	-3.292778593744483e-07
4.248360562523299e-07	-3.293792912630180e-07
4.248665738304549e-07	-3.294042865999110e-07
4.249276089867049e-07	-3.294540411399711e-07
4.250496792992049e-07	-3.295521528701770e-07
4.250534939964706e-07	-3.295551886076743e-07
4.250611233910018e-07	-3.295612566290534e-07
4.250630307396346e-07	-3.295627722937427e-07
4.250668454369003e-07	-3.295658027548959e-07
4.250744748314315e-07	-3.295718583446126e-07
4.250745046337539e-07	-3.295718819853611e-07
4.250745642383987e-07	-3.295719292666114e-07
4.250745661010438e-07	-3.295719307440831e-07
4.250745698263341e-07	-3.295719336990497e-07
4.250745707576567e-07	-3.295719344378564e-07
4.250745707867605e-07	-3.295719344609480e-07
4.250745726494057e-07	-3.295719359346773e-07
4.250745726503152e-07	-3.295719359353692e-07
4.250747067607659e-07	-3.295720422205044e-07
4.250747365630883e-07	-3.295720658579672e-07
4.250747961677331e-07	-3.295721131390669e-07
4.250749153770226e-07	-3.295722076912176e-07
4.250751537956017e-07	-3.295723968172614e-07
4.250756306327599e-07	-3.295727750326063e-07
4.250765843070763e-07	-3.295735313723380e-07
4.250784916557091e-07	-3.295750436786951e-07
4.250823063529748e-07	-3.295780669530536e-07
4.250899357475060e-07	-3.295841081618116e-07
4.251051945365685e-07	-3.295961693700128e-07
4.251357121146935e-07	-3.296202069847120e-07
4.251967472709435e-07	-3.296679443116617e-07
4.253188175834435e-07	-3.297620839728271e-07
4.255629582084435e-07	-3.299451533700874e-07
4.260512394584435e-07	-3.302913765832822e-07
4.265395207084435e-07	-3.306124931262179e-07
4.270278019584436e-07	-3.309103326268867e-07
4.275160832084436e-07	-3.311865647083093e-07
4.280043644584436e-07	-3.314427773798014e-07
4.284926457084436e-07	-3.316804266368073e-07
4.289809269584436e-07	-3.319008407167272e-07
4.294692082084436e-07	-3.321052854181630e-07
4.299574894584436e-07	-3.322949084373603e-07
4.304457707084436e-07	-3.324707940707470e-07
4.309340519584437e-07	-3.326339284646321e-07
4.314223332084437e-07	-3.327852497349362e-07
4.319106144584437e-07	-3.329256010012490e-07
4.323988957084437e-07	-3.330557891458000e-07
4.328871769584437e-07	-3.331765459561397e-07
4.333754582084437e-07	-3.332885536384199e-07
4.338637394584437e-07	-3.333924544966881e-07
4.343520207084437e-07	-3.334888255043268e-07
4.348403019584437e-07	-3.335782221700351e-07
4.353285832084438e-07	-3.336611439697554e-07
4.358168644584438e-07	-3.337380593924134e-07
4.363051457084438e-07	-3.338094096163750e-07
4.367934269584438e-07	-3.338755845845407e-07
4.368544621146938e-07	-3.338834152106466e-07
4.369765324271938e-07	-3.338990641564058e-07
4.369803471244594e-07	-3.338995532899710e-07
4.369879765189907e-07	-3.339005324840705e-07
4.369898838676235e-07	-3.339007776107804e-07
4.369936985648891e-07	-3.339012680367172e-07
4.369946522392055e-07	-3.339013907032742e-07
4.369965595878383e-07	-3.339016360678551e-07
4.369970364249966e-07	-3.339016974202062e-07
4.369979900993129e-07	-3.339018201313663e-07
4.369982285178920e-07	-3.339018508114917e-07
4.369987053550502e-07	-3.339019121731485e-07
4.369988245643398e-07	-3.339019275140734e-07
4.369990629829189e-07	-3.339019581963200e-07
4.369995398200771e-07	-3.339020195627257e-07
4.369995547212383e-07	-3.339020214804844e-07
4.369995845235607e-07	-3.339020253159123e-07
4.369995919741413e-07	-3.339020262747790e-07
4.369996068753025e-07	-3.339020281924800e-07
4.369996366776248e-07	-3.339020320279840e-07
4.369996441282054e-07	-3.339020329868456e-07
4.369996590293666e-07	-3.339020349045783e-07
4.369996888316890e-07	-3.339020387400580e-07
4.369997484363338e-07	-3.339020464111960e-07
4.369998676456233e-07	-3.339020617535137e-07
4.370001060642024e-07	-3.339020924385194e-07
4.370005829013606e-07	-3.339021538101805e-07
4.370015365756770e-07	-3.339022765595602e-07
4.370034439243098e-07	-3.339025220781614e-07
4.370072586215755e-07	-3.339030131573493e-07
4.370148880161067e-07	-3.339039952060713e-07
4.370301468051692e-07	-3.339059568886744e-07
4.370606643832942e-07	-3.339098582814253e-07
4.371216995395442e-07	-3.339175230160759e-07
4.372437698520442e-07	-3.339323560226762e-07
4.374879104770442e-07	-3.339613228322213e-07
4.379761917270442e-07	-3.340168461286542e-07
4.384644729770442e-07	-3.340677819342405e-07
4.389527542270443e-07	-3.341153975013704e-07
4.394410354770443e-07	-3.341594775707162e-07
4.399293167270443e-07	-3.342001843284460e-07
4.404175979770443e-07	-3.342383337177130e-07
4.409058792270443e-07	-3.342732759692662e-07
4.413941604770443e-07	-3.343060595882882e-07
4.418824417270443e-07	-3.343362877277061e-07
4.423707229770443e-07	-3.343643103741411e-07
4.428590042270443e-07	-3.343904914490375e-07
4.433472854770444e-07	-3.344145225237273e-07
4.438355667270444e-07	-3.344370591069057e-07
4.443238479770444e-07	-3.344578102738836e-07
4.448121292270444e-07	-3.344771093921189e-07
4.453004104770444e-07	-3.344950675125830e-07
4.457886917270444e-07	-3.345116200536293e-07
4.462769729770444e-07	-3.345270933322205e-07
4.467652542270444e-07	-3.345413660312975e-07
4.472535354770445e-07	-3.345546436897060e-07
4.477418167270445e-07	-3.345669747888490e-07
4.482300979770445e-07	-3.345783747681662e-07
4.487183792270445e-07	-3.345890034626972e-07
4.492066604770445e-07	-3.345988232983251e-07
4.496949417270445e-07	-3.346079584552488e-07
4.501832229770445e-07	-3.346164326031007e-07
4.506715042270445e-07	-3.346242823833816e-07
4.511597854770445e-07	-3.346315876518830e-07
4.516480667270446e-07	-3.346383461186752e-07
4.521363479770446e-07	-3.346446314120009e-07
4.526246292270446e-07	-3.346504592809008e-07
4.531129104770446e-07	-3.346558640940979e-07
4.536011917270446e-07	-3.346608879827190e-07
4.540894729770446e-07	-3.346655407992087e-07
4.545777542270446e-07	-3.346698661342329e-07
4.550660354770446e-07	-3.346738764065409e-07
4.555543167270447e-07	-3.346775981141375e-07
4.560425979770447e-07	-3.346810548510903e-07
4.565308792270447e-07	-3.346842589918254e-07
4.570191604770447e-07	-3.346872363419357e-07
4.575074417270447e-07	-3.346899973144996e-07
4.579957229770447e-07	-3.346925604508188e-07
4.584840042270447e-07	-3.346949401094301e-07
4.589722854770447e-07	-3.346971472407318e-07
4.594605667270447e-07	-3.346991974141047e-07
4.599488479770448e-07	-3.347010991262973e-07
4.604371292270448e-07	-3.347028647838943e-07
4.609254104770448e-07	-3.347045037644651e-07
4.614136917270448e-07	-3.347060245593775e-07
4.619019729770448e-07	-3.347074368511858e-07
4.623902542270448e-07	-3.347087472471033e-07
4.628785354770448e-07	-3.347099639281449e-07
4.633668167270448e-07	-3.347110932828430e-07
4.638550979770449e-07	-3.347121415040183e-07
4.643433792270449e-07	-3.347131147692384e-07
4.648316604770449e-07	-3.347140180727405e-07
4.653199417270449e-07	-3.347148567237324e-07
4.658082229770449e-07	-3.347156353434887e-07
4.662965042270449e-07	-3.347163593012957e-07
4.667847854770449e-07	-3.347170275666593e-07
4.672730667270449e-07	-3.347176522807845e-07
4.677613479770450e-07	-3.347182304602289e-07
4.682496292270450e-07	-3.347187646736612e-07
4.687379104770450e-07	-3.347192658762862e-07
4.692261917270450e-07	-3.347197212733525e-07
4.697144729770450e-07	-3.347201532788776e-07
4.702027542270450e-07	-3.347205456700956e-07
4.706910354770450e-07	-3.347209128264635e-07
4.711793167270450e-07	-3.347212628424573e-07
4.716675979770450e-07	-3.347215843709675e-07
4.721558792270451e-07	-3.347218927505718e-07
4.726441604770451e-07	-3.347221583357878e-07
4.731324417270451e-07	-3.347224450904922e-07
4.736207229770451e-07	-3.347226275212505e-07
4.741090042270451e-07	-3.347228797220034e-07
4.745972854770451e-07	-3.347231168624081e-07
4.750855667270451e-07	-3.347232016610908e-07
4.755738479770451e-07	-3.347235268621855e-07
4.760621292270452e-07	-3.347235728115842e-07
4.765504104770452e-07	-3.347237768067348e-07
4.770386917270451e-07	-3.347239208661590e-07
4.775269729770451e-07	-3.347239799097038e-07
4.780152542270450e-07	-3.347242567170328e-07
4.785035354770450e-07	-3.347241568973472e-07
4.789918167270450e-07	-3.347244709301415e-07
4.794800979770449e-07	-3.347244398761872e-07
4.799683792270449e-07	-3.347245306525966e-07
4.804566604770448e-07	-3.347247440392514e-07
4.809449417270448e-07	-3.347246094360857e-07
4.814332229770448e-07	-3.347249032869373e-07
4.819215042270447e-07	-3.347248121362449e-07
4.824097854770447e-07	-3.347249228515079e-07
4.828980667270446e-07	-3.347250481996036e-07
4.833863479770446e-07	-3.347249536105463e-07
4.838746292270445e-07	-3.347251802041451e-07
4.843629104770445e-07	-3.347250880705367e-07
4.848511917270445e-07	-3.347251958468130e-07
4.853394729770444e-07	-3.347252628189881e-07
4.858277542270444e-07	-3.347252013101608e-07
4.863160354770443e-07	-3.347253670142252e-07
4.868043167270443e-07	-3.347252814892579e-07
4.872925979770443e-07	-3.347253785588875e-07
4.877808792270442e-07	-3.347254065391144e-07
4.882691604770442e-07	-3.347253723619518e-07
4.887574417270441e-07	-3.347254908411591e-07
4.892457229770441e-07	-3.347254192482358e-07
4.897340042270441e-07	-3.347255030493882e-07
4.902222854770440e-07	-3.347255080260614e-07
4.907105667270440e-07	-3.347254920283746e-07
4.911988479770439e-07	-3.347255751245224e-07
4.916871292270439e-07	-3.347255168284280e-07
4.921754104770439e-07	-3.347255876921464e-07
4.926636917270438e-07	-3.347255786922740e-07
4.931519729770438e-07	-3.347255757265423e-07
4.936402542270437e-07	-3.347256316383408e-07
4.941285354770437e-07	-3.347255866726016e-07
4.946168167270436e-07	-3.347256443719046e-07
4.951050979770436e-07	-3.347256288860227e-07
4.955933792270436e-07	-3.347256335637721e-07
4.960816604770435e-07	-3.347256701924261e-07
4.965699417270435e-07	-3.347256362461283e-07
4.970582229770434e-07	-3.347256826417491e-07
4.975465042270434e-07	-3.347256642975362e-07
4.980347854770434e-07	-3.347256738471552e-07
4.985230667270433e-07	-3.347256961331789e-07
4.990113479770433e-07	-3.347256719066438e-07
4.994996292270432e-07	-3.347257079196931e-07
4.999879104770432e-07	-3.347256898778736e-07
5.000000000000000e-07	-3.347256881327532e-07
